0,1,2,3,4,5,6,7,8,9
0,0,0,0,0,0,0,0,0,0
0,0,0,0,0,0,0,0,0,0
0,0,0,0,0,0,0,0,0,0
0,0,0,0,0,0,0,0,0,0
0,0,0,0,0,0,0,0,0,0
0,0,0,0,0,0,0,0,0,0
0,0,0,0,0,0,0,0,0,0
0,0,0,0,0,0,0,0,0,0
0,0,0,0,0,0,0,0,0,0
0.112699,0.109004,0.0909441,0.0845461,0.106609,0.101622,0.0993862,0.0871146,0.0942958,0.11378
0.109986,0.10677,0.0929654,0.0908045,0.107785,0.100131,0.0974633,0.090722,0.0940615,0.109311
0.112338,0.107916,0.0909748,0.0893892,0.109148,0.0999098,0.0968477,0.08842,0.0928685,0.112188
0.117401,0.110791,0.0906059,0.0927575,0.107201,0.10101,0.0944977,0.0856456,0.0916002,0.10849
0.119114,0.110633,0.0900959,0.090503,0.108941,0.1031,0.0960469,0.0834721,0.0907833,0.107312
0.109599,0.106401,0.0929462,0.0950658,0.106388,0.101118,0.0964215,0.0906929,0.0946438,0.106723
0.110491,0.105925,0.0942175,0.0954454,0.101615,0.101664,0.0974899,0.0921298,0.0965983,0.104424
0.108376,0.1053,0.0930769,0.0944945,0.1026,0.102061,0.0981851,0.0917802,0.0973119,0.106814
0.108116,0.108062,0.0938536,0.0965093,0.0973895,0.100438,0.0955746,0.093323,0.0985256,0.108209
0.103116,0.103675,0.0956489,0.0971255,0.0998814,0.101567,0.0985785,0.0960403,0.0996734,0.104693
0.103717,0.104494,0.0961479,0.0975183,0.104239,0.10082,0.098691,0.093587,0.0967055,0.10408
0.100644,0.103919,0.0959706,0.0973077,0.102189,0.103857,0.100789,0.0956351,0.0976986,0.10199
0.102573,0.104,0.0955071,0.0995078,0.102432,0.099606,0.0950424,0.0977347,0.0976602,0.105937
0.100935,0.101354,0.10019,0.0988147,0.103652,0.101844,0.0966334,0.0963644,0.0970069,0.103205
0.0986024,0.102798,0.0988743,0.0999284,0.101175,0.101311,0.0983698,0.0981561,0.0985459,0.102239
0.0996243,0.106159,0.0967475,0.101302,0.0993827,0.0998032,0.0943774,0.10124,0.0982219,0.103141
0.0998437,0.106772,0.0954087,0.0997014,0.100919,0.0997517,0.0943585,0.10024,0.09731,0.105695
0.101979,0.112624,0.0913378,0.0947292,0.102723,0.100478,0.0917017,0.0996345,0.0937154,0.111078
0.104157,0.110888,0.0934877,0.0956955,0.104506,0.0989167,0.0925659,0.0962856,0.093549,0.109948
0.100286,0.117035,0.0930288,0.0886138,0.105058,0.103104,0.0971452,0.0919498,0.091221,0.112559
0.0973867,0.111023,0.0939578,0.0957653,0.103024,0.107576,0.100113,0.0910558,0.0941824,0.105916
0.100074,0.112005,0.0968359,0.0923045,0.103736,0.101469,0.099417,0.0926027,0.0940114,0.107544
0.0964547,0.111683,0.0940837,0.0988191,0.100597,0.106801,0.0989522,0.0930136,0.0952638,0.104331
0.0988523,0.111782,0.0939719,0.0966835,0.101689,0.105051,0.0986218,0.0929853,0.0949922,0.105371
0.0991074,0.106512,0.103232,0.08997,0.103564,0.105346,0.100686,0.0918147,0.0948136,0.104955
0.0983672,0.112115,0.0949001,0.0893854,0.10294,0.1072,0.103457,0.0907285,0.093885,0.107022
0.101039,0.108643,0.101246,0.0847367,0.105504,0.106817,0.101613,0.0866901,0.0919126,0.111799
0.103269,0.10088,0.104674,0.0892527,0.10431,0.105169,0.099697,0.0876961,0.0949819,0.110071
0.106438,0.10263,0.0947003,0.0898005,0.10577,0.10335,0.0995869,0.088696,0.0949527,0.114076
0.104554,0.100461,0.101727,0.0920226,0.104537,0.102366,0.0990735,0.0920499,0.0961632,0.107046
0.106297,0.104091,0.100477,0.0894511,0.104662,0.0993278,0.0988775,0.0936304,0.0957375,0.107448
0.107125,0.103137,0.0952012,0.0914601,0.104149,0.10023,0.0978358,0.0938203,0.0966074,0.110435
0.106969,0.100956,0.0988934,0.0900179,0.106386,0.102886,0.0983725,0.0903809,0.0947575,0.110381
0.106578,0.101997,0.0990776,0.0907217,0.105612,0.100167,0.0991906,0.094141,0.0954998,0.107015
0.108621,0.105354,0.0944778,0.0914941,0.105934,0.0987554,0.0970965,0.0944955,0.0954235,0.108349
0.106545,0.103571,0.0976089,0.0924847,0.102733,0.0993571,0.0974223,0.0976978,0.0965228,0.106057
0.113721,0.108432,0.0950543,0.0894535,0.104004,0.103901,0.0992721,0.0893145,0.0932746,0.103574
0.113222,0.108846,0.0948345,0.0935581,0.0996899,0.105009,0.0999608,0.0903519,0.0949473,0.0995808
0.104346,0.106251,0.0971396,0.0938677,0.101126,0.10054,0.0964204,0.0980593,0.0966396,0.105611
0.108018,0.104195,0.0983691,0.0895098,0.102519,0.101187,0.0988956,0.0960576,0.0959017,0.105347
0.10864,0.102871,0.100851,0.0888657,0.101648,0.0997342,0.0970174,0.0981284,0.0952804,0.106964
0.1085,0.103742,0.100955,0.0889091,0.101854,0.0997672,0.0958269,0.0984991,0.0944431,0.107503
0.111625,0.106988,0.0945165,0.087752,0.105533,0.100114,0.0942752,0.092562,0.0918379,0.114797
0.10976,0.105516,0.0951701,0.0874735,0.104675,0.0986607,0.0984264,0.092593,0.0952662,0.112459
0.11186,0.107902,0.0912646,0.0865055,0.104965,0.0987103,0.0968788,0.0899957,0.0948634,0.117055
0.116074,0.11225,0.0890508,0.0854868,0.107622,0.0981962,0.0936336,0.0863724,0.0917297,0.119584
0.111906,0.112714,0.0883014,0.086853,0.106272,0.0988345,0.0910905,0.0912395,0.0917458,0.121043
0.112549,0.112351,0.0876125,0.0861329,0.105364,0.0973674,0.0910095,0.091334,0.0924,0.123879
0.110966,0.107798,0.0911242,0.0904944,0.103802,0.0988466,0.0954397,0.0904597,0.0954849,0.115584
0.106902,0.104225,0.0952264,0.0924045,0.103339,0.0992347,0.0983753,0.0941781,0.0968361,0.109278
0.107302,0.104143,0.0940932,0.0933787,0.102661,0.099378,0.097262,0.0938454,0.0970273,0.11091
0.10796,0.103478,0.0935399,0.0925576,0.102764,0.100149,0.0974671,0.0930864,0.0968621,0.112136
0.106583,0.10555,0.0954666,0.0928797,0.104848,0.0980362,0.09781,0.0934347,0.0956252,0.109766
0.113883,0.106448,0.0901195,0.0875625,0.10717,0.0985445,0.0951696,0.0880715,0.0927342,0.120296
0.109194,0.103454,0.0933686,0.0908873,0.10449,0.099981,0.0977352,0.0925041,0.095832,0.112554
0.108381,0.102867,0.0919703,0.090868,0.10484,0.101929,0.0989292,0.0899349,0.0957822,0.114498
0.110533,0.103079,0.0922362,0.0886728,0.104819,0.101462,0.0977692,0.0890616,0.0947125,0.117654
0.11087,0.10336,0.0923265,0.090264,0.104116,0.102726,0.0984821,0.0886895,0.0954266,0.113739
0.11108,0.103837,0.0916068,0.0905913,0.106489,0.101447,0.0977269,0.0895878,0.0945371,0.113097
0.109794,0.105462,0.0921781,0.0906501,0.106475,0.100047,0.0979286,0.0904426,0.0948191,0.112202
0.103238,0.102018,0.0965633,0.0977799,0.10283,0.0996577,0.0984991,0.0974132,0.0980725,0.103928
0.104134,0.103532,0.0966522,0.100598,0.0990296,0.102081,0.0980295,0.0986446,0.098263,0.0990354
0.103012,0.10337,0.0979088,0.0954091,0.101243,0.0981314,0.0976507,0.100182,0.098786,0.104307
0.100972,0.103064,0.0976084,0.101144,0.0977908,0.099184,0.0965574,0.101428,0.100443,0.101808
0.100854,0.102264,0.0989516,0.100715,0.0987188,0.0986375,0.0967902,0.100757,0.0999788,0.102332
0.101995,0.10283,0.0994862,0.0974328,0.100146,0.0985144,0.0977597,0.0990899,0.0988143,0.103931
0.100984,0.10245,0.0978703,0.0992124,0.0979646,0.099606,0.0976756,0.099717,0.100686,0.103834
0.106983,0.104975,0.0957071,0.0963753,0.100804,0.100507,0.0964375,0.09278,0.0964009,0.10903
0.105273,0.104005,0.0965488,0.0948009,0.0998932,0.100274,0.0981049,0.0951529,0.098471,0.107477
0.106907,0.103712,0.0971095,0.0933727,0.102382,0.0998739,0.0983759,0.0945227,0.0967734,0.106971
0.107498,0.105784,0.0943901,0.0906193,0.103746,0.103932,0.100596,0.0894315,0.0965453,0.107458
0.111364,0.107968,0.0932595,0.0860819,0.105317,0.102751,0.100538,0.0869427,0.0948661,0.110912
0.107506,0.107659,0.0936249,0.0899445,0.104272,0.104309,0.10039,0.0893525,0.0955462,0.107396
0.107873,0.109227,0.0929485,0.0951965,0.105554,0.103522,0.0989057,0.0877665,0.092616,0.10639
0.111206,0.111386,0.091674,0.0907896,0.105292,0.105143,0.0993975,0.0852525,0.0923106,0.107549
0.110728,0.114405,0.0903409,0.0927958,0.105109,0.104421,0.0962796,0.085289,0.0916181,0.109014
0.11582,0.116913,0.0916674,0.0955819,0.103299,0.102155,0.0936346,0.0844535,0.089937,0.106539
0.114609,0.112919,0.0958262,0.10167,0.0966461,0.0996591,0.0934786,0.0904929,0.094296,0.100404
0.106739,0.106385,0.0939088,0.0974587,0.100627,0.101495,0.0944256,0.0921198,0.0956766,0.111164
0.112931,0.115317,0.0916489,0.0991947,0.101921,0.101005,0.0905064,0.0870705,0.0913701,0.109037
0.115065,0.118607,0.0931239,0.102414,0.0992173,0.10078,0.0896207,0.0894075,0.0903246,0.101439
0.117009,0.116358,0.0947604,0.103586,0.0958369,0.09875,0.0904949,0.0896551,0.0923148,0.101235
0.119895,0.115093,0.0953451,0.100775,0.096888,0.0979017,0.0911083,0.0890353,0.092201,0.101757
0.113753,0.117531,0.0926069,0.0980389,0.0974551,0.0980885,0.0896551,0.0935687,0.0927578,0.106545
0.105485,0.116186,0.0913185,0.0988555,0.0999295,0.0982284,0.0885008,0.0979464,0.0932879,0.110263
0.104379,0.114984,0.0915677,0.0983502,0.101263,0.0993688,0.0903201,0.096726,0.0930037,0.110037
0.109256,0.114378,0.0906538,0.0939659,0.103304,0.0999073,0.0913239,0.0919532,0.0923136,0.112944
0.108139,0.111219,0.091793,0.0934458,0.104255,0.100126,0.0936277,0.0909028,0.0933076,0.113185
0.10482,0.108041,0.0954749,0.096913,0.102276,0.0999772,0.0957501,0.0931236,0.0953824,0.108242
0.101759,0.104015,0.0986043,0.101039,0.0996935,0.099483,0.0975041,0.0986686,0.0980283,0.101205
0.104535,0.103203,0.0969974,0.0961048,0.102703,0.0996482,0.0983209,0.0947971,0.0971819,0.106508
0.10102,0.106197,0.0961036,0.0992122,0.101183,0.099589,0.0960953,0.0981762,0.0973953,0.105029
0.100434,0.102258,0.0987789,0.101454,0.099602,0.0996991,0.0979091,0.0998975,0.0994199,0.100547
0.101306,0.102487,0.0984465,0.0998425,0.101304,0.099602,0.0985067,0.0975537,0.0986362,0.102316
0.107724,0.104107,0.0978819,0.0987598,0.100031,0.100321,0.0977459,0.095823,0.0975249,0.100082
0.10787,0.103866,0.0960359,0.095474,0.10323,0.101087,0.0988674,0.0929803,0.096737,0.103852
0.102613,0.102731,0.098925,0.101372,0.0992684,0.099671,0.0978332,0.0989414,0.0991493,0.0994957
0.102781,0.101809,0.0987724,0.099019,0.100967,0.100611,0.0994051,0.097411,0.0988657,0.100358
0.106713,0.103431,0.0968102,0.0955364,0.102424,0.101565,0.099897,0.0931963,0.0973997,0.103027
0.116562,0.108871,0.089249,0.0880757,0.109394,0.100769,0.0966358,0.0832768,0.0913194,0.115847
0.116367,0.109981,0.0908447,0.0900333,0.107941,0.100873,0.0959998,0.083722,0.0917132,0.112526
0.119253,0.110728,0.0872778,0.087736,0.110789,0.10049,0.0948601,0.0818752,0.0900772,0.116914
0.123803,0.111632,0.0851843,0.0828334,0.109121,0.101978,0.0951986,0.0776412,0.0896156,0.122993
0.123514,0.110418,0.0867677,0.0849391,0.110141,0.1017,0.0956983,0.0800036,0.0898104,0.117008
0.116685,0.109131,0.0880202,0.0847582,0.105337,0.103711,0.0984698,0.0807151,0.0932166,0.119957
0.115003,0.107679,0.0876663,0.0859784,0.106161,0.103536,0.0989807,0.083443,0.0941045,0.117448
0.128029,0.11209,0.086835,0.0810825,0.105346,0.106769,0.100292,0.0759478,0.0900697,0.113539
0.125725,0.111062,0.0924508,0.0873801,0.102285,0.104877,0.0993891,0.0812618,0.0913769,0.104193
0.114865,0.107192,0.0964509,0.0967851,0.0993095,0.101035,0.0971306,0.0919928,0.0956781,0.09956
0.107889,0.105127,0.0986687,0.102452,0.0985988,0.099389,0.0958539,0.0977765,0.0973608,0.0968838
0.100781,0.103151,0.0976285,0.0980119,0.099869,0.101316,0.0990493,0.0977727,0.099296,0.103125
0.0999917,0.104658,0.0965875,0.0980579,0.100172,0.101151,0.0969966,0.0997217,0.0981602,0.104503
0.100829,0.10747,0.0946725,0.097097,0.100159,0.101244,0.095382,0.0993298,0.0972128,0.106603
0.10083,0.107013,0.0947065,0.0975145,0.100792,0.102379,0.0954671,0.0992326,0.0963866,0.105679
0.100733,0.109939,0.0927941,0.0959675,0.0995526,0.102288,0.0940779,0.0990724,0.0967442,0.108831
0.101115,0.110162,0.0924588,0.0959043,0.0999241,0.102361,0.0936432,0.0977973,0.0965173,0.110118
0.101739,0.112749,0.0921453,0.0981354,0.098645,0.100381,0.0912041,0.0984162,0.0961921,0.110393
0.104186,0.121725,0.087394,0.0985386,0.101316,0.0996338,0.0837685,0.0970851,0.0898294,0.116523
0.110397,0.122812,0.0850384,0.0914578,0.103949,0.0995574,0.0850528,0.0921211,0.0891712,0.120443
0.105722,0.114055,0.0893375,0.0927343,0.102823,0.0999704,0.0892648,0.0971402,0.0925435,0.11641
0.11188,0.115929,0.0887857,0.0928538,0.104139,0.0985776,0.0887799,0.0906028,0.0913972,0.117055
0.118142,0.111651,0.0896665,0.0912152,0.105704,0.0993091,0.0898667,0.0846906,0.0906765,0.119078
0.110122,0.115277,0.0913244,0.0985629,0.102685,0.0985238,0.088445,0.0912833,0.0915328,0.112244
0.112488,0.115213,0.0909762,0.0984447,0.103219,0.0984837,0.0880129,0.0895348,0.0909159,0.112712
0.113981,0.112117,0.0938159,0.103336,0.101178,0.0969128,0.0883308,0.0907097,0.092261,0.107358
0.117378,0.114795,0.0936079,0.106339,0.0975822,0.0950185,0.0850851,0.0927103,0.0915541,0.10593
0.108855,0.107225,0.0959179,0.10669,0.0991774,0.0948682,0.085136,0.0968513,0.0936047,0.111674
0.108696,0.10608,0.0981653,0.0968648,0.100786,0.0955005,0.0898641,0.0968502,0.0936977,0.113496
0.107843,0.104293,0.0982021,0.0947086,0.101805,0.0975531,0.0932162,0.0966709,0.0946554,0.111053
0.107207,0.106091,0.0960954,0.0946942,0.101794,0.0997702,0.0944387,0.093745,0.0954333,0.110731
0.105445,0.109251,0.0940185,0.0958139,0.101459,0.0999667,0.0912251,0.0964881,0.0938187,0.112514
0.108116,0.109372,0.0933423,0.0994904,0.0992655,0.0979287,0.0886908,0.094613,0.0955796,0.113602
0.107096,0.105787,0.0976229,0.0996608,0.0992844,0.095446,0.0901747,0.0988216,0.0960804,0.110026
0.10675,0.105943,0.0965052,0.095404,0.100987,0.09809,0.0933107,0.096199,0.0964222,0.110388
0.106065,0.104782,0.0973346,0.0952959,0.100782,0.0986148,0.095022,0.0966264,0.0970424,0.108435
0.10289,0.101945,0.0977716,0.0961867,0.100682,0.100521,0.0986165,0.0970723,0.0985927,0.105722
0.102632,0.101935,0.0986323,0.0976649,0.100317,0.101443,0.100364,0.096809,0.0989852,0.101217
0.101588,0.101839,0.0993411,0.0992734,0.0992703,0.101156,0.100325,0.0981286,0.0993578,0.0997214
0.100248,0.100963,0.099384,0.101182,0.0999678,0.0999861,0.0987187,0.100351,0.0997904,0.0994091
0.100821,0.10235,0.0979667,0.101073,0.098637,0.101198,0.0984466,0.0997436,0.0993696,0.100394
0.100266,0.101178,0.0995292,0.0993411,0.0993942,0.0996237,0.0990224,0.0998275,0.100153,0.101664
0.100862,0.101242,0.0997247,0.0987873,0.101035,0.0998945,0.0994364,0.0985589,0.0987319,0.101728
0.102385,0.102435,0.0979876,0.0960836,0.101582,0.101799,0.100237,0.0977401,0.0976921,0.102059
0.100919,0.101179,0.0986607,0.0991733,0.0992823,0.100488,0.0992535,0.0991058,0.100174,0.101765
0.100742,0.101665,0.0987304,0.0996186,0.0984682,0.0999089,0.0983041,0.0996387,0.100455,0.10247
0.10123,0.101813,0.0999097,0.0984281,0.10254,0.100643,0.0965553,0.0983819,0.0962242,0.104275
0.100191,0.101745,0.100065,0.0993503,0.101647,0.100539,0.0975561,0.0984644,0.0975046,0.102939
0.102601,0.100736,0.0993908,0.0970535,0.101582,0.0999755,0.0983763,0.0984711,0.098065,0.103749
0.101908,0.101465,0.0991728,0.0984061,0.100943,0.100005,0.0993868,0.0975873,0.0987328,0.102393
0.101605,0.102684,0.0986939,0.0974276,0.104247,0.101043,0.0982623,0.0937901,0.0957652,0.106481
0.103921,0.101641,0.101058,0.0950514,0.103907,0.100585,0.0960842,0.0957691,0.0946013,0.107381
0.10074,0.101182,0.101029,0.0999306,0.10235,0.101135,0.09619,0.0959935,0.0959511,0.105499
0.10342,0.103639,0.0981998,0.102469,0.102318,0.100104,0.0959662,0.0933633,0.0951466,0.105374
0.103942,0.106087,0.0964177,0.101627,0.101408,0.0998685,0.0945064,0.0957356,0.095024,0.105384
0.102317,0.103341,0.0980223,0.099297,0.101877,0.100887,0.0987573,0.0960891,0.097059,0.102353
0.10215,0.103565,0.098258,0.101642,0.100893,0.0997843,0.0969545,0.0975045,0.0974016,0.101846
0.104419,0.106436,0.09759,0.102371,0.0991272,0.0995211,0.0950195,0.0978447,0.0965554,0.101116
0.103017,0.106076,0.0974248,0.101734,0.0978852,0.0998752,0.095462,0.0995851,0.0979687,0.100972
0.106109,0.105175,0.098549,0.103925,0.0976635,0.0985587,0.09477,0.0987028,0.0980544,0.0984928
0.10806,0.11008,0.0975705,0.103398,0.0961485,0.10092,0.0949646,0.094972,0.0961371,0.0977483
0.105896,0.107265,0.0973238,0.103448,0.0967812,0.100908,0.0953409,0.097574,0.0975024,0.0979611
0.102817,0.111647,0.0953867,0.104404,0.0955813,0.105339,0.0960141,0.094699,0.0962725,0.0978394
0.106023,0.10928,0.0962094,0.103982,0.095707,0.102186,0.0949143,0.0967717,0.0969297,0.0979961
0.10496,0.10894,0.0949396,0.103667,0.0953583,0.103213,0.0950595,0.0975491,0.0971893,0.0991237
0.100214,0.106215,0.0963255,0.102917,0.0973201,0.102614,0.0969889,0.0982089,0.0983714,0.100825
0.107767,0.10468,0.0982967,0.102006,0.0984702,0.0985888,0.0955129,0.0983758,0.0977855,0.0985171
0.102501,0.102173,0.0986444,0.101325,0.0985219,0.0993821,0.0977249,0.099827,0.0998529,0.100048
0.101344,0.102631,0.0984737,0.0996677,0.0983173,0.100088,0.0983841,0.0993037,0.0998052,0.101986
0.100735,0.102792,0.0972976,0.0972916,0.100004,0.101283,0.0999217,0.095668,0.0992664,0.105741
0.104914,0.102299,0.0966332,0.095259,0.102422,0.101449,0.1005,0.0941117,0.0979312,0.104481
0.105588,0.103089,0.095041,0.0937861,0.100685,0.101486,0.100258,0.0927736,0.0986422,0.10865
0.106589,0.103425,0.0958396,0.0938746,0.102242,0.102422,0.100992,0.0920463,0.0977511,0.104818
0.101615,0.102463,0.0965738,0.0971957,0.101653,0.103816,0.101052,0.0957508,0.0980494,0.101832
0.104187,0.103908,0.0954684,0.0946864,0.10571,0.101604,0.100664,0.0916274,0.0960955,0.106051
0.0995769,0.103464,0.0957041,0.0950354,0.104172,0.106382,0.102936,0.09205,0.0958377,0.104842
0.0983808,0.103585,0.0962385,0.0971064,0.101312,0.10588,0.101912,0.0960565,0.0975644,0.101965
0.096819,0.103695,0.0949948,0.098485,0.100681,0.109588,0.102609,0.0956971,0.0975673,0.0998639
0.102864,0.10109,0.101154,0.0969855,0.103422,0.100503,0.0977007,0.0958752,0.0971081,0.103297
0.10248,0.102878,0.103633,0.094333,0.101606,0.100397,0.0974157,0.0959962,0.0969907,0.10427
0.102586,0.107379,0.0968719,0.0974919,0.100662,0.0988557,0.0965176,0.0984238,0.0973372,0.103875
0.108963,0.108821,0.0931508,0.0929733,0.105389,0.0980014,0.0935249,0.0941984,0.0942779,0.1107
0.10765,0.109996,0.0956299,0.0932788,0.101574,0.0970497,0.0906714,0.0989086,0.0942644,0.110978
0.10796,0.106763,0.0927517,0.0902552,0.104267,0.09882,0.0952028,0.0945087,0.0950247,0.114446
0.102726,0.106173,0.0939806,0.0909056,0.103906,0.104198,0.0969864,0.0987556,0.0942792,0.10809
0.103485,0.105529,0.0949142,0.0918217,0.10264,0.103532,0.0962303,0.0989331,0.094261,0.108654
0.104249,0.107632,0.0958456,0.0932198,0.102101,0.101957,0.0938267,0.0990792,0.0933277,0.108762
0.104382,0.103067,0.0975201,0.0912138,0.102519,0.103016,0.0972214,0.0970413,0.0949325,0.109088
0.102622,0.104466,0.0957739,0.0902036,0.102975,0.10388,0.0983037,0.096896,0.0952686,0.109611
0.10675,0.102202,0.0957409,0.0914893,0.105059,0.100977,0.0985398,0.0928378,0.0954355,0.11097
0.107015,0.0982721,0.110155,0.08636,0.106124,0.105635,0.0989529,0.0864508,0.0932798,0.107755
0.103354,0.0980207,0.108853,0.0926935,0.102646,0.105652,0.0964668,0.088973,0.0951637,0.108178
0.10406,0.0985944,0.10436,0.0925667,0.104711,0.105727,0.09766,0.0877389,0.0944053,0.110177
0.104133,0.100117,0.102242,0.093992,0.104078,0.103652,0.0978176,0.089675,0.0952112,0.109082
0.10497,0.101572,0.101199,0.0924274,0.10577,0.103333,0.0986367,0.0872427,0.0938715,0.110978
0.105194,0.100391,0.102944,0.0944041,0.104019,0.103532,0.0960634,0.0887133,0.0946031,0.110137
0.1064,0.100956,0.100241,0.0903336,0.106403,0.104594,0.0988008,0.0853054,0.0931543,0.113814
0.104189,0.10494,0.0956432,0.0940832,0.106474,0.101176,0.0992281,0.0890598,0.0942663,0.11094
0.104423,0.102407,0.0977297,0.0921207,0.106108,0.102804,0.1008,0.0884421,0.094568,0.110597
0.101512,0.0994894,0.104515,0.0961104,0.102713,0.103295,0.0987231,0.0922398,0.0970597,0.104342
0.104558,0.103779,0.0966619,0.0969141,0.103038,0.100374,0.0983169,0.0935828,0.0968494,0.105926
0.103953,0.106143,0.0959356,0.0980867,0.101658,0.0993141,0.0958366,0.0963634,0.0969092,0.1058
0.102539,0.106996,0.095597,0.0983217,0.100394,0.100082,0.0952814,0.0989811,0.0971354,0.104673
0.0984912,0.109306,0.0939886,0.097867,0.0999288,0.102761,0.0940157,0.101443,0.0963198,0.105879
0.102452,0.112553,0.0927972,0.0994129,0.100415,0.0998864,0.0893857,0.0988623,0.0944907,0.109745
0.102945,0.111883,0.0932753,0.0991903,0.0993752,0.099526,0.0900892,0.099716,0.0953489,0.108651
0.102417,0.112028,0.0936079,0.100132,0.100235,0.0997321,0.0906222,0.0990842,0.094732,0.10741
0.101032,0.10424,0.0972623,0.102515,0.0986891,0.0993136,0.0940068,0.100314,0.0984045,0.104222
0.101996,0.106339,0.0941783,0.0990788,0.100334,0.101305,0.0949107,0.0995643,0.0972455,0.105049
0.100595,0.106327,0.0956161,0.0997866,0.0996836,0.101439,0.0970664,0.0981696,0.097892,0.103424
0.101298,0.106015,0.096592,0.100925,0.0990526,0.098706,0.0955301,0.0991924,0.0987792,0.10391
0.101911,0.106245,0.0968666,0.0985043,0.100479,0.0988388,0.0968844,0.0980296,0.0978829,0.104358
0.104085,0.108143,0.0950503,0.0957637,0.104132,0.0981979,0.0967097,0.0939749,0.095684,0.10826
0.105713,0.110857,0.0942255,0.0940258,0.105273,0.0967184,0.0957194,0.0919955,0.0943266,0.111145
0.104348,0.109422,0.094838,0.0969887,0.103546,0.0971853,0.0947816,0.0942027,0.0954178,0.10927
0.100402,0.106159,0.0955338,0.100322,0.100962,0.101811,0.0973923,0.0961935,0.0974863,0.103738
0.100978,0.106217,0.0962764,0.099935,0.0993346,0.102953,0.0982842,0.0966794,0.0974382,0.101905
0.103906,0.105475,0.0975895,0.0992666,0.100816,0.0999147,0.0974223,0.0963772,0.0972794,0.101953
0.105165,0.106763,0.0976594,0.101481,0.100672,0.0985654,0.0955642,0.0951365,0.0969889,0.102004
0.104134,0.102792,0.0985427,0.100906,0.100764,0.0996583,0.0974819,0.0970147,0.0976087,0.101097
0.104464,0.104095,0.0984702,0.0964143,0.100921,0.0988156,0.0952357,0.0989883,0.0971679,0.105429
0.104527,0.10552,0.0999462,0.0961311,0.0995433,0.096598,0.093738,0.100867,0.0966823,0.106446
0.108351,0.106664,0.102898,0.0921084,0.0999595,0.0957684,0.0931467,0.100363,0.0935192,0.107221
0.106007,0.10571,0.10182,0.0899866,0.101662,0.0986864,0.0968962,0.0984176,0.0945459,0.106268
0.102167,0.103735,0.0994553,0.0940482,0.101054,0.0999152,0.0995872,0.0985874,0.0976152,0.103835
0.101954,0.102413,0.0985052,0.100464,0.100997,0.100936,0.0986506,0.0981513,0.0984737,0.0994555
0.101697,0.100996,0.0991629,0.099242,0.100751,0.100093,0.0993944,0.0978767,0.0988814,0.101906
0.101321,0.101643,0.0983825,0.0977146,0.100184,0.101062,0.0998567,0.0977841,0.0997032,0.10235
0.107696,0.105229,0.0954986,0.0928055,0.102456,0.103738,0.101347,0.0892425,0.0966449,0.105343
0.112027,0.107484,0.0938237,0.0895563,0.100654,0.105326,0.101475,0.0866727,0.0963822,0.106599
0.108773,0.104772,0.0963907,0.0930766,0.101369,0.103452,0.101083,0.0907191,0.0968401,0.103525
0.106886,0.105271,0.0958282,0.0913398,0.104847,0.100929,0.100702,0.0907684,0.0958983,0.107531
0.103743,0.102912,0.0972688,0.0978279,0.099836,0.101157,0.0992918,0.0967037,0.0991295,0.10213
0.103846,0.104009,0.097487,0.095697,0.10285,0.100538,0.099635,0.0937137,0.0972826,0.104941
0.101871,0.102279,0.0993617,0.0981503,0.101424,0.10016,0.0995927,0.0963302,0.0984505,0.102381
0.105065,0.103673,0.0971367,0.0959172,0.100204,0.102716,0.0998129,0.0958348,0.0982674,0.101373
0.107984,0.104438,0.0964524,0.0946661,0.100001,0.102821,0.0997514,0.0940412,0.0977196,0.102126
0.108575,0.104688,0.0963689,0.0949159,0.100757,0.102044,0.0994205,0.0932141,0.0970848,0.102931
0.107608,0.107001,0.0952937,0.096661,0.0990176,0.101549,0.0965994,0.095983,0.0972016,0.103085
0.106544,0.105648,0.0961864,0.0975124,0.099737,0.100523,0.0969576,0.0965853,0.097254,0.103052
0.109132,0.109102,0.0937886,0.0954755,0.0985681,0.101109,0.0953409,0.0932772,0.0967193,0.107487
0.103159,0.112298,0.0921076,0.0968351,0.0987461,0.101397,0.0923633,0.0978495,0.0963962,0.108848
0.102359,0.112636,0.0922745,0.0973795,0.0992829,0.101072,0.0911676,0.0984716,0.0955817,0.109776
0.0990964,0.114343,0.0909188,0.0959012,0.101877,0.103796,0.091057,0.10027,0.0935369,0.109204
0.102671,0.110967,0.0892107,0.0898389,0.103723,0.104137,0.0942045,0.0959335,0.0940651,0.11525
0.102757,0.111423,0.0880175,0.0921164,0.102486,0.103684,0.091887,0.0973033,0.0942131,0.116114
0.103364,0.110076,0.0896508,0.091104,0.10293,0.105213,0.0939154,0.0972256,0.0937567,0.112765
0.103155,0.106247,0.0919943,0.0907572,0.104343,0.102613,0.0975623,0.0964798,0.0955256,0.111323
0.102561,0.108119,0.0906741,0.0882052,0.104904,0.10497,0.0981111,0.0958186,0.0945143,0.112123
0.10168,0.107624,0.0931823,0.090561,0.104436,0.102968,0.0995019,0.095207,0.0954484,0.109392
0.100208,0.108423,0.101121,0.0880787,0.100428,0.104581,0.101712,0.0920573,0.0943155,0.109075
0.100371,0.105233,0.103777,0.0897344,0.0993797,0.104825,0.101408,0.0922224,0.0959822,0.107067
0.103302,0.104425,0.101818,0.090406,0.101464,0.101336,0.100323,0.0922475,0.0958053,0.108872
0.103207,0.103091,0.0989926,0.0937958,0.102054,0.100096,0.0999518,0.0944336,0.0971579,0.107219
0.0996472,0.100749,0.0989419,0.0999897,0.0992529,0.100795,0.0996053,0.100279,0.100677,0.100063
0.10058,0.101298,0.0985018,0.0991788,0.09948,0.10118,0.0998312,0.0990201,0.100409,0.100522
0.100308,0.101592,0.0994936,0.0994316,0.100132,0.100292,0.0999883,0.0986335,0.0995962,0.100533
0.100028,0.101099,0.0996571,0.0998023,0.0992661,0.0997073,0.0991156,0.0998129,0.100189,0.101323
0.102105,0.103148,0.0987965,0.0982517,0.0999277,0.1006,0.0997921,0.0975563,0.0991912,0.100632
0.100286,0.101183,0.0996615,0.0993794,0.0999717,0.100007,0.0998683,0.0992406,0.0998475,0.100555
0.102351,0.104078,0.0981309,0.0993193,0.100129,0.100839,0.0988145,0.0975604,0.0979608,0.100816
0.113615,0.110401,0.0965842,0.0957843,0.0987404,0.100888,0.0961931,0.09165,0.0943611,0.101783
0.105604,0.109189,0.0954706,0.0981519,0.098867,0.0998086,0.0945603,0.0978872,0.096454,0.104008
0.109128,0.107263,0.0964969,0.0959024,0.0992138,0.101091,0.0974015,0.0934212,0.0964176,0.103665
0.103081,0.107647,0.0938683,0.100237,0.100507,0.101209,0.0916889,0.0967517,0.0954028,0.109607
0.103867,0.112844,0.0921013,0.0973796,0.100712,0.0995765,0.0904462,0.0974734,0.0948247,0.110775
0.107411,0.10739,0.0915602,0.0894299,0.102822,0.101096,0.0987781,0.0894497,0.0965857,0.115478
0.113264,0.107874,0.0904532,0.0886937,0.106016,0.103993,0.0988705,0.0847035,0.0940236,0.112109
0.111887,0.10891,0.0905835,0.0844616,0.107679,0.100074,0.0993866,0.0863747,0.0935679,0.117076
0.120099,0.112728,0.0854907,0.0773913,0.113725,0.10151,0.0991368,0.0785891,0.088915,0.122415
0.117207,0.111729,0.0878738,0.0797712,0.108989,0.100013,0.0990947,0.0828039,0.0918599,0.120659
0.113877,0.11102,0.0902611,0.0825183,0.107574,0.100108,0.0991862,0.0858622,0.0932725,0.116321
0.115706,0.112099,0.0900779,0.0801043,0.109855,0.0974949,0.0985496,0.0857923,0.0916008,0.11872
0.107589,0.108525,0.0948431,0.0889845,0.107693,0.0978381,0.0978522,0.0923225,0.0939257,0.110428
0.101801,0.104701,0.095547,0.0981274,0.102465,0.102798,0.0990395,0.0961679,0.0974164,0.101937
0.104345,0.105864,0.0963786,0.0942029,0.104397,0.0989509,0.0979567,0.0957073,0.0962831,0.105915
0.101749,0.107002,0.0943548,0.100351,0.0997123,0.105781,0.0973873,0.095474,0.0968972,0.101291
0.100371,0.103651,0.0989997,0.094137,0.10224,0.103048,0.101278,0.0949273,0.0969504,0.104398
0.0987264,0.101448,0.0977384,0.0997223,0.0994169,0.10397,0.100867,0.0990099,0.0994684,0.0996317
0.0979219,0.101721,0.0981906,0.0994208,0.0986721,0.104595,0.101525,0.0984131,0.0994412,0.1001
0.097986,0.101612,0.0990995,0.0983827,0.0999943,0.104938,0.10189,0.0963511,0.0985452,0.101201
0.100397,0.102585,0.10561,0.0918232,0.100161,0.104573,0.100617,0.0911088,0.096611,0.106514
0.102424,0.102784,0.101782,0.0930444,0.100473,0.101007,0.0996385,0.0928841,0.0975856,0.108378
0.106334,0.102632,0.0948726,0.091505,0.102555,0.101361,0.0996415,0.0919096,0.0969447,0.112245
0.10948,0.104547,0.0927615,0.0879607,0.103352,0.100235,0.0986002,0.0904165,0.0959265,0.116721
0.102074,0.102942,0.0963316,0.0975105,0.100434,0.100813,0.0970991,0.0977685,0.0989526,0.106074
0.10309,0.100563,0.100209,0.0963785,0.102771,0.102261,0.0975318,0.0939692,0.0965241,0.106702
0.11104,0.109439,0.0954854,0.0952275,0.0972538,0.101922,0.0966803,0.0930221,0.0967919,0.103139
0.105678,0.106252,0.0968283,0.0979276,0.0977845,0.100981,0.0967354,0.0975163,0.0982699,0.102027
0.106891,0.106602,0.0965092,0.0976863,0.0977392,0.100385,0.0966794,0.0957715,0.0982382,0.103498
0.103998,0.106607,0.0963266,0.104492,0.0958537,0.0983672,0.0918117,0.0991954,0.098181,0.105167
0.10526,0.10972,0.0947833,0.101999,0.0986048,0.097219,0.0912973,0.0986763,0.0966595,0.10578
0.102478,0.106968,0.0946573,0.104037,0.0964541,0.0982546,0.0903637,0.100858,0.0983967,0.107531
0.100618,0.103271,0.0978435,0.103102,0.0972693,0.0988978,0.0952966,0.099696,0.100399,0.103608
0.100192,0.103153,0.0980691,0.103338,0.0968283,0.0990182,0.0952638,0.0998199,0.100621,0.103696
0.10269,0.104861,0.0977492,0.103442,0.0981868,0.0987885,0.0953488,0.0993727,0.0988024,0.100759
0.102029,0.10669,0.095535,0.1022,0.0992231,0.0987312,0.0939911,0.099156,0.0980653,0.104379
0.100473,0.109018,0.0949248,0.103898,0.0983708,0.101989,0.0949343,0.0963857,0.0971614,0.102844
0.0983582,0.109955,0.0951482,0.100202,0.0997414,0.102207,0.0967131,0.0961303,0.0967632,0.104781
0.0975689,0.108484,0.0955272,0.100544,0.0993168,0.103454,0.0972198,0.0976181,0.097104,0.103164
0.0984236,0.109613,0.0943275,0.103797,0.0980841,0.104706,0.096261,0.0957238,0.0969175,0.102146
0.100707,0.108013,0.0948925,0.102022,0.096594,0.106884,0.0986049,0.0962059,0.0974513,0.0986256
0.0964929,0.110105,0.0926761,0.102081,0.0970199,0.108656,0.0980606,0.0967847,0.09716,0.100963
0.108148,0.110946,0.0930854,0.0964729,0.100365,0.106343,0.0974018,0.0902631,0.0938253,0.103149
0.114768,0.11115,0.09594,0.0946946,0.10181,0.103203,0.0974361,0.0865194,0.0923371,0.102143
0.108961,0.10585,0.0968093,0.0961581,0.0998661,0.104222,0.100144,0.0923488,0.0961482,0.0994938
0.121382,0.109849,0.0947495,0.0897876,0.100404,0.104683,0.100286,0.0840406,0.0928665,0.101951
0.129823,0.112915,0.092272,0.0847572,0.100881,0.106868,0.101055,0.0780499,0.0902141,0.103165
0.129862,0.113437,0.0916998,0.0844508,0.102565,0.105973,0.100253,0.0771113,0.0892289,0.105419
0.118124,0.109337,0.0929968,0.0890401,0.104024,0.104124,0.0996846,0.0836206,0.0924503,0.106598
0.115195,0.110352,0.0898263,0.0859971,0.105242,0.103057,0.0992525,0.0824152,0.0934411,0.115222
0.110848,0.107847,0.0930998,0.0909605,0.105681,0.101844,0.0984968,0.0859119,0.0940493,0.111263
0.109903,0.108036,0.0934477,0.0935237,0.105214,0.100043,0.0952885,0.0870759,0.0933856,0.114082
0.114716,0.109193,0.0924068,0.0929905,0.102647,0.0995707,0.0943609,0.0873407,0.0939412,0.112833
0.114639,0.108657,0.0891476,0.0902649,0.10492,0.100854,0.0950318,0.0862017,0.0940208,0.116263
0.117907,0.108662,0.0891334,0.0895961,0.107348,0.10188,0.0960176,0.0851961,0.0926667,0.111594
0.11508,0.106096,0.0916619,0.0930885,0.106229,0.10149,0.0965564,0.0900177,0.0939738,0.105807
0.107792,0.103793,0.093537,0.0958145,0.105205,0.100403,0.0972204,0.0940379,0.0961664,0.106031
0.109731,0.106176,0.0955028,0.100468,0.096779,0.0998857,0.0951813,0.0975037,0.0984762,0.100296
0.109814,0.105238,0.0947428,0.0985324,0.102478,0.0999265,0.0954938,0.0952791,0.0962098,0.102286
0.106862,0.107195,0.0966995,0.102551,0.0972297,0.103005,0.0965132,0.0968751,0.0971053,0.0959643
0.100299,0.111719,0.0905467,0.100774,0.101508,0.107234,0.0965922,0.0917477,0.0952451,0.104335
0.0968782,0.111497,0.0922089,0.103347,0.0982663,0.108732,0.0973947,0.093942,0.0965366,0.101198
0.0991292,0.108883,0.0940511,0.0976224,0.101322,0.105181,0.0994117,0.0939836,0.0963562,0.104059
0.101406,0.106278,0.0962313,0.0987842,0.101782,0.0991425,0.095914,0.0982168,0.0970621,0.105183
0.100501,0.106605,0.096028,0.0992716,0.101379,0.0997475,0.0953381,0.0988822,0.096997,0.10525
0.101059,0.107445,0.0949882,0.0983539,0.100495,0.099783,0.0948316,0.100407,0.097217,0.105421
0.101226,0.103901,0.0961885,0.0986453,0.0992932,0.0999275,0.0971248,0.0988607,0.0996132,0.10522
0.102383,0.104714,0.0957007,0.0981127,0.0995385,0.0992948,0.0966083,0.097049,0.0991563,0.107442
0.100177,0.104187,0.0969787,0.100129,0.098713,0.0995519,0.0963075,0.0999372,0.0996816,0.104337
0.10226,0.10187,0.0973725,0.0973205,0.0998642,0.10026,0.0993852,0.096694,0.0995479,0.105426
0.098969,0.102494,0.0984329,0.100181,0.0977814,0.101098,0.0978778,0.0998694,0.10003,0.103266
0.10054,0.102427,0.0991546,0.100283,0.0991322,0.100906,0.096384,0.0974869,0.0978089,0.105877
0.101088,0.104392,0.0972006,0.100314,0.0979367,0.10018,0.0969083,0.0997973,0.0989556,0.103227
0.101146,0.102565,0.0982009,0.0985132,0.099653,0.100896,0.0998439,0.0972068,0.0995225,0.102453
0.103143,0.102528,0.0979786,0.0971568,0.0995224,0.101725,0.100807,0.0954757,0.0996427,0.102022
0.106387,0.104371,0.0965806,0.0953331,0.101321,0.102187,0.10075,0.0915477,0.0976861,0.103837
0.106077,0.10395,0.100561,0.101548,0.0976266,0.100003,0.0986047,0.0970771,0.0980659,0.0964852
0.100756,0.102375,0.0998537,0.101963,0.0984195,0.0996515,0.0983901,0.0988578,0.0994564,0.100277
0.0989755,0.103104,0.0999586,0.100817,0.0973927,0.0998508,0.0971687,0.0996033,0.100259,0.10287
0.10052,0.102483,0.0992081,0.101474,0.0960409,0.099537,0.0966658,0.0998215,0.100888,0.103361
0.0998975,0.101789,0.0994029,0.100567,0.0980273,0.0995269,0.0978965,0.0999416,0.100571,0.102381
0.101128,0.102204,0.0982786,0.101482,0.097222,0.0994724,0.0966742,0.100352,0.100632,0.102555
0.102157,0.103906,0.0972984,0.0992909,0.0997066,0.099667,0.0973541,0.0985291,0.0987806,0.10331
0.110669,0.111412,0.0928385,0.0949714,0.101632,0.0992174,0.0933732,0.0919338,0.0943199,0.109633
0.115741,0.115868,0.0902119,0.0926615,0.101104,0.0994583,0.0914349,0.0878778,0.092155,0.113488
0.106017,0.113788,0.0910235,0.0967701,0.10154,0.0989584,0.0907967,0.0960705,0.0941107,0.110924
0.104392,0.113555,0.0901601,0.095315,0.101163,0.0986619,0.0908814,0.096768,0.0951794,0.113924
0.114556,0.108726,0.0938535,0.0935161,0.100245,0.101284,0.0965187,0.0888645,0.0949742,0.107462
0.119952,0.110573,0.0944239,0.0927946,0.098482,0.101748,0.0965176,0.0868887,0.0939102,0.10471
0.122409,0.110558,0.0942328,0.0913811,0.100586,0.102792,0.0974885,0.0852358,0.0923973,0.102918
0.117388,0.10835,0.093069,0.0940337,0.102722,0.1014,0.0963284,0.0891428,0.0938493,0.103716
0.114066,0.108308,0.0894235,0.0883709,0.104719,0.103317,0.0984078,0.0845834,0.0947257,0.114079
0.113281,0.107978,0.0887811,0.0880175,0.103646,0.103071,0.0981016,0.0847522,0.095305,0.117066
0.114279,0.107811,0.0875984,0.0850816,0.103977,0.104684,0.0997552,0.0822383,0.0949867,0.119589
0.109903,0.102554,0.0925829,0.0899798,0.104031,0.101946,0.0988851,0.0893057,0.0956491,0.115164
0.111439,0.10321,0.0901407,0.0877644,0.104815,0.102564,0.098695,0.0871231,0.0949703,0.119279
0.112113,0.104526,0.0910648,0.0871748,0.105024,0.102938,0.100032,0.0855309,0.0946926,0.116904
0.111211,0.103853,0.0905737,0.0877564,0.103888,0.10205,0.0987579,0.0878901,0.0955947,0.118426
0.112945,0.107098,0.0890524,0.0848734,0.104452,0.101211,0.0986284,0.086957,0.0952413,0.119542
0.114115,0.106804,0.0886808,0.0847267,0.105209,0.102832,0.0996141,0.0843598,0.0945559,0.119103
0.111731,0.10814,0.0886256,0.0867545,0.103607,0.101997,0.0980912,0.0866018,0.0958717,0.11858
0.108816,0.105537,0.0914411,0.0906093,0.102629,0.101697,0.0985167,0.090074,0.0970737,0.113606
0.107629,0.105423,0.0940949,0.0913958,0.103008,0.100743,0.0993287,0.0914276,0.0969371,0.110012
0.109312,0.105432,0.0930562,0.0889281,0.102973,0.0999881,0.097349,0.0912407,0.0961019,0.115619
0.11262,0.109774,0.0892693,0.0870231,0.103256,0.101136,0.0954646,0.085921,0.0945073,0.121029
0.117473,0.113518,0.0867472,0.0853377,0.105018,0.103569,0.0955717,0.0802184,0.0921981,0.120348
0.126311,0.11413,0.0891452,0.0853311,0.102868,0.104589,0.0963757,0.0782938,0.0902643,0.112692
0.119832,0.11674,0.0900457,0.0890359,0.101319,0.103797,0.0952089,0.082057,0.0911615,0.110802
0.121501,0.12242,0.0870775,0.0892674,0.101697,0.103623,0.0924209,0.0790093,0.0888224,0.114161
0.115467,0.120582,0.0874142,0.0938711,0.103458,0.104354,0.0909101,0.0816459,0.0885762,0.113722
0.114304,0.112504,0.0897249,0.0938974,0.105131,0.103186,0.0932763,0.082646,0.0910646,0.114266
0.113256,0.117533,0.089166,0.0941596,0.101646,0.102565,0.0910196,0.0857628,0.0910057,0.113886
0.110506,0.115335,0.0918878,0.0947826,0.0986765,0.102409,0.093541,0.090221,0.0936978,0.108944
0.109436,0.117623,0.0909364,0.0935654,0.0991212,0.103442,0.0938372,0.0904337,0.0931658,0.108439
0.107577,0.113445,0.092508,0.0931977,0.0988048,0.10388,0.0953563,0.0928964,0.0955722,0.106762
0.102426,0.105911,0.0952997,0.0963938,0.101623,0.101532,0.0967462,0.0972471,0.0969612,0.10586
0.1055,0.102401,0.0956397,0.091863,0.103654,0.101459,0.0986304,0.0948731,0.0962052,0.109774
0.107281,0.101046,0.0962768,0.0907481,0.105308,0.101979,0.0995804,0.0927228,0.0953019,0.109756
0.103429,0.0991622,0.100857,0.0925672,0.103911,0.105032,0.100158,0.0897976,0.0958745,0.109212
0.108549,0.102653,0.0924146,0.0905253,0.102794,0.101585,0.0986309,0.0910311,0.0967865,0.115031
0.108766,0.103328,0.092168,0.0910529,0.103283,0.102077,0.0988081,0.0902566,0.0966137,0.113647
0.10975,0.102898,0.0915156,0.0905198,0.105762,0.101634,0.0974963,0.0897487,0.0948487,0.115826
0.108079,0.100577,0.10041,0.0911011,0.106823,0.102868,0.0965625,0.0888246,0.0939065,0.110848
0.1092,0.100969,0.0985589,0.0919291,0.106454,0.102773,0.0957443,0.0882403,0.0936861,0.112445
0.104601,0.0999348,0.102364,0.0946446,0.103826,0.10279,0.0976262,0.0912527,0.0961197,0.106841
0.105014,0.102268,0.0994049,0.0948578,0.102655,0.100535,0.0977678,0.0930347,0.0968953,0.107567
0.105515,0.102484,0.101815,0.0930891,0.103596,0.101153,0.0969618,0.09039,0.0957872,0.10921
0.105753,0.104929,0.0982356,0.0945541,0.104132,0.0987756,0.0960232,0.0927267,0.0958252,0.109045
0.108451,0.107372,0.0942183,0.0940947,0.105388,0.0972481,0.0942136,0.0933974,0.094834,0.110783
0.108795,0.106558,0.0933981,0.0961267,0.104121,0.0975167,0.0929679,0.0937679,0.0950854,0.111663
0.114824,0.108901,0.0916543,0.0922404,0.10461,0.095371,0.0892817,0.091937,0.0927433,0.118437
0.112993,0.107658,0.0927249,0.0928549,0.104701,0.0969206,0.0908647,0.0926117,0.0934513,0.115221
0.114733,0.107727,0.0921116,0.0899328,0.106088,0.0979641,0.0934974,0.0896285,0.0928736,0.115445
0.112687,0.107497,0.0931298,0.0909279,0.105642,0.0989823,0.0943668,0.0904437,0.0936574,0.112666
0.114164,0.108757,0.0905472,0.0878771,0.10527,0.0986013,0.0950564,0.0888424,0.0939445,0.116941
0.107436,0.104807,0.0950682,0.0940022,0.103484,0.0984829,0.0955386,0.0955607,0.0962947,0.109326
0.106968,0.105227,0.0948296,0.0938868,0.103297,0.0975228,0.0953479,0.0968772,0.0967048,0.109339
0.107506,0.103328,0.0957455,0.092464,0.10414,0.0988484,0.0966537,0.0953178,0.0959131,0.110083
0.104894,0.107699,0.0926784,0.0919375,0.104773,0.101411,0.0949134,0.0963781,0.0944671,0.110848
0.107642,0.104366,0.0947467,0.0871442,0.107342,0.10069,0.0985578,0.0934448,0.0938466,0.112221
0.101834,0.10882,0.0939687,0.091355,0.103734,0.102427,0.0980163,0.0970353,0.0949671,0.107843
0.104781,0.111079,0.0952947,0.0931333,0.104312,0.0964343,0.095205,0.0944638,0.0946428,0.110655
0.107528,0.110641,0.0929012,0.0900383,0.106048,0.0966596,0.094467,0.0948611,0.0937273,0.113129
0.109899,0.11426,0.0910481,0.0876402,0.107372,0.0958594,0.092427,0.093132,0.0918032,0.116559
0.110594,0.113351,0.0908589,0.0899575,0.106545,0.0970388,0.0923659,0.0913851,0.0921407,0.115763
0.117223,0.117967,0.0844966,0.0869656,0.106863,0.0990604,0.0892069,0.0844794,0.0897976,0.123941
0.11885,0.117807,0.0889558,0.0897934,0.103984,0.100924,0.0914557,0.0843029,0.0896861,0.114241
0.117159,0.116712,0.0911704,0.0930576,0.103037,0.0999053,0.0914741,0.086308,0.090302,0.110875
0.116265,0.11584,0.0920599,0.0942372,0.100892,0.09971,0.0919063,0.0882052,0.0915998,0.109285
0.115071,0.113911,0.093172,0.0959273,0.0968687,0.0995376,0.0925435,0.0923469,0.0943278,0.106294
0.118424,0.112646,0.0927756,0.0907246,0.100204,0.102677,0.0969548,0.0855198,0.0930783,0.106995
0.113993,0.11227,0.093568,0.093643,0.0993497,0.101576,0.0959144,0.0893534,0.094082,0.10625
0.114727,0.110848,0.0944069,0.0931939,0.0993527,0.101887,0.0968718,0.0894611,0.0944592,0.104792
0.109286,0.109982,0.0953553,0.0946849,0.0999265,0.102513,0.0979888,0.0914394,0.0953578,0.103466
0.10213,0.10685,0.0961041,0.0991715,0.101981,0.102093,0.0983471,0.0963235,0.0959787,0.101022
0.102493,0.103275,0.0981005,0.101297,0.10118,0.0998536,0.0972335,0.0967432,0.0970467,0.102777
0.100567,0.101045,0.0994461,0.0985322,0.101853,0.100758,0.0997006,0.0977181,0.0981021,0.102279
0.102131,0.10685,0.0950439,0.0968082,0.101728,0.10185,0.0976893,0.0962388,0.0971036,0.104558
0.1062,0.109156,0.0951285,0.0969143,0.098363,0.101692,0.0961519,0.0966832,0.0972452,0.102467
0.110913,0.108855,0.09464,0.0935282,0.0978025,0.104385,0.0981235,0.0927785,0.0971306,0.101844
0.105709,0.106394,0.0960989,0.0961941,0.098253,0.10267,0.0982217,0.0960982,0.0985198,0.101842
0.107732,0.107702,0.0942162,0.0952162,0.0989209,0.102982,0.0972525,0.0946219,0.0978203,0.103536
