0,1,2,3,4,5,6,7,8,9
0,0,0,0,0,0,0,0,0,0
0,0,0,0,0,0,0,0,0,0
0,0,0,0,0,0,0,0,0,0
0,0,0,0,0,0,0,0,0,0
0,0,0,0,0,0,0,0,0,0
0,0,0,0,0,0,0,0,0,0
0,0,0,0,0,0,0,0,0,0
0,0,0,0,0,0,0,0,0,0
0,0,0,0,0,0,0,0,0,0
0.0969168,0.0969392,0.0967328,0.0962429,0.101808,0.100802,0.102713,0.102852,0.10091,0.104083
0.0987813,0.0989757,0.0975624,0.0978696,0.100642,0.100309,0.101732,0.101189,0.101063,0.101877
0.0973823,0.0977955,0.0948392,0.0980768,0.100668,0.100097,0.103376,0.103235,0.102617,0.101914
0.0976183,0.099734,0.0962703,0.0954595,0.0989804,0.101013,0.103257,0.101959,0.103094,0.102614
0.0956085,0.100076,0.0959712,0.0943873,0.0989372,0.101184,0.103978,0.101297,0.104465,0.104096
0.0963766,0.0983022,0.0988908,0.0954593,0.0993885,0.102437,0.102034,0.102828,0.100796,0.103488
0.0965542,0.0959857,0.0987549,0.0948716,0.0996436,0.104008,0.102057,0.103616,0.100267,0.104241
0.0962822,0.0978048,0.101036,0.0979845,0.0980688,0.101953,0.101787,0.102461,0.101669,0.100953
0.09511,0.0954175,0.0981769,0.0911298,0.0988635,0.103952,0.103884,0.103833,0.102149,0.107485
0.0978352,0.0971379,0.0974119,0.0940768,0.101261,0.0997979,0.104257,0.101112,0.0986428,0.108468
0.0972272,0.0982125,0.097507,0.0933922,0.0998933,0.0996718,0.103348,0.101937,0.0993158,0.109495
0.0958928,0.0964829,0.0931781,0.0898766,0.0994875,0.0997507,0.106413,0.104152,0.10048,0.114287
0.0965146,0.0962299,0.0929747,0.0913265,0.0992739,0.0999319,0.105617,0.104745,0.101427,0.11196
0.0972106,0.0952772,0.0915742,0.092166,0.099214,0.100264,0.105362,0.105784,0.103122,0.110027
0.0981485,0.0960627,0.0919419,0.0929916,0.0998953,0.0997712,0.10555,0.104094,0.102764,0.108781
0.0981982,0.0972975,0.0940074,0.0936209,0.100105,0.0998098,0.104742,0.102706,0.101434,0.108078
0.0996016,0.0976868,0.0948842,0.096006,0.10054,0.0994213,0.103614,0.1016,0.101836,0.104811
0.0991088,0.0982109,0.0946076,0.0932262,0.100898,0.100224,0.104438,0.100997,0.101316,0.106973
0.0983506,0.0964274,0.0952386,0.0964794,0.101703,0.100771,0.103174,0.102577,0.101417,0.103861
0.0981643,0.0986318,0.0934134,0.0892181,0.102032,0.100152,0.105995,0.100079,0.101639,0.110675
0.0971333,0.0964151,0.0900587,0.086232,0.101363,0.100774,0.108576,0.102266,0.101946,0.115237
0.0968257,0.095761,0.0889187,0.085619,0.101477,0.101448,0.108971,0.102811,0.103361,0.114808
0.0959482,0.0965787,0.0891605,0.0830976,0.101187,0.101145,0.110148,0.102355,0.101109,0.11927
0.0971305,0.096297,0.0920758,0.0883183,0.101516,0.101343,0.106902,0.102073,0.102275,0.11207
0.0979225,0.0969335,0.0926327,0.0919045,0.102419,0.0997364,0.105615,0.10138,0.104027,0.10743
0.0965071,0.0969595,0.0871987,0.0780894,0.0976853,0.103311,0.111657,0.100889,0.111476,0.116228
0.0974799,0.100361,0.0930701,0.0857374,0.0961545,0.101602,0.108652,0.0985478,0.111784,0.106612
0.0969018,0.098298,0.100205,0.0958886,0.0965687,0.0996744,0.103629,0.100783,0.104856,0.103195
0.0949898,0.102844,0.0964974,0.095618,0.0949385,0.0988374,0.105224,0.101462,0.108991,0.100597
0.0905972,0.101406,0.0943563,0.0903333,0.0902449,0.100373,0.10934,0.105004,0.113721,0.104625
0.0895325,0.101964,0.0952371,0.0875975,0.0875619,0.10261,0.109943,0.105429,0.114307,0.105817
0.0875541,0.101155,0.0946443,0.0854246,0.085531,0.1031,0.111735,0.107253,0.116896,0.106706
0.0844612,0.0954902,0.0878958,0.0820483,0.0828213,0.103321,0.116345,0.112695,0.123593,0.11133
0.0889273,0.0955902,0.0899228,0.0867871,0.0886082,0.102416,0.111912,0.111174,0.116266,0.108396
0.0882405,0.0960054,0.090287,0.0904388,0.0899058,0.100202,0.111272,0.110048,0.117696,0.105905
0.0868489,0.0945549,0.0867235,0.0889068,0.0905921,0.100574,0.112727,0.109254,0.120459,0.10936
0.0903442,0.0961792,0.0908409,0.0932504,0.0917144,0.0995849,0.109447,0.107383,0.115422,0.105833
0.0950823,0.099543,0.0968821,0.0971321,0.0954078,0.10047,0.103946,0.103406,0.107594,0.100537
0.0980438,0.0981259,0.0987249,0.0982641,0.0981695,0.100907,0.101637,0.102855,0.102076,0.101198
0.0982048,0.0971177,0.0977506,0.0994309,0.0997871,0.0999429,0.102204,0.102437,0.102185,0.10094
0.0975297,0.099373,0.0983767,0.101026,0.0979973,0.0994744,0.102185,0.102218,0.103953,0.0978669
0.0971877,0.096739,0.0976526,0.100049,0.0994758,0.100538,0.10243,0.103813,0.101685,0.100429
0.0974196,0.0956982,0.0983017,0.098182,0.100797,0.101065,0.102218,0.103343,0.0995555,0.10342
0.0979562,0.0996754,0.0981107,0.0960176,0.0985474,0.0999437,0.103554,0.100062,0.10466,0.101473
0.0961733,0.0990034,0.0975175,0.0915188,0.0980521,0.10216,0.103904,0.100956,0.104219,0.106495
0.0963023,0.100767,0.0976553,0.093195,0.0955351,0.101605,0.105259,0.0992767,0.108575,0.10183
0.0983249,0.0975655,0.0926743,0.0909379,0.0977782,0.0994318,0.107004,0.101146,0.109358,0.105779
0.0969806,0.0981966,0.0934463,0.0912712,0.0939845,0.100832,0.106708,0.104073,0.111008,0.103501
0.0967902,0.0967057,0.0923319,0.0905371,0.0954008,0.0999422,0.106924,0.104774,0.109061,0.107533
0.0947995,0.0957107,0.0904827,0.0885312,0.0930784,0.10006,0.10849,0.107623,0.111025,0.1102
0.0950025,0.0938945,0.0869892,0.0874495,0.094146,0.100161,0.109737,0.109442,0.111638,0.11154
0.0952351,0.0920676,0.0839677,0.0856436,0.095344,0.100289,0.110189,0.111439,0.111353,0.114472
0.0948099,0.0950564,0.0877307,0.0880332,0.0936588,0.101027,0.110154,0.108302,0.111688,0.109541
0.0952601,0.0937748,0.085163,0.0941269,0.0953304,0.0989597,0.108956,0.109688,0.11301,0.10573
0.0967231,0.0951359,0.0914145,0.100769,0.0969054,0.095996,0.10683,0.105741,0.109622,0.100863
0.0940893,0.0969985,0.0913407,0.0974177,0.0964803,0.0984819,0.107166,0.105224,0.110611,0.102191
0.095214,0.0964517,0.0900182,0.0989471,0.0970078,0.0972481,0.106954,0.105746,0.110446,0.101967
0.0988178,0.0971221,0.0946061,0.0992459,0.0990273,0.0982424,0.1036,0.103667,0.104712,0.100959
0.0985344,0.0955688,0.0950049,0.0969121,0.101059,0.0991367,0.103888,0.102829,0.101486,0.105582
0.0982955,0.0980625,0.0970491,0.0970915,0.101409,0.0988395,0.102682,0.101086,0.100352,0.105132
0.0977057,0.0972022,0.0939613,0.0921141,0.102567,0.0993791,0.105918,0.100676,0.100662,0.109814
0.0942906,0.101378,0.094376,0.0936925,0.102619,0.0970181,0.104926,0.10044,0.104136,0.107122
0.0959396,0.0982925,0.0944061,0.0962956,0.103429,0.0985774,0.103868,0.101965,0.101854,0.105373
0.097208,0.0986824,0.0949091,0.0947497,0.102762,0.0989643,0.103834,0.100909,0.101577,0.106404
0.097408,0.0975857,0.0945465,0.0920834,0.102218,0.0993876,0.105175,0.100644,0.102569,0.108383
0.095201,0.0984261,0.0934381,0.0942955,0.103518,0.0982299,0.105351,0.101686,0.102974,0.106881
0.0964616,0.0980348,0.0947338,0.0945198,0.102099,0.0990073,0.104811,0.101145,0.104302,0.104886
0.0975427,0.0971003,0.0953423,0.0939173,0.101481,0.0998859,0.104672,0.100946,0.104211,0.104901
0.0973249,0.0948061,0.0943122,0.0965926,0.0977693,0.100734,0.104643,0.105618,0.106232,0.101968
0.0956398,0.0902098,0.0878635,0.0905745,0.0967794,0.103467,0.107226,0.112079,0.107571,0.108589
0.091526,0.0950493,0.0915379,0.0936763,0.0956281,0.102439,0.106254,0.110386,0.109284,0.10422
0.090142,0.0960537,0.0886022,0.0903764,0.0952254,0.102207,0.108653,0.108672,0.111937,0.108131
0.0927465,0.0930293,0.0901104,0.0931827,0.0948571,0.102711,0.106785,0.111585,0.109321,0.105672
0.0950244,0.0936647,0.0909765,0.0961468,0.0969242,0.101804,0.10518,0.109379,0.107308,0.103591
0.097048,0.092493,0.0903253,0.0983835,0.0975911,0.100096,0.10609,0.109465,0.106408,0.1021
0.0977865,0.0969521,0.0939764,0.09503,0.0976793,0.100503,0.103954,0.10449,0.105461,0.104168
0.0975707,0.0978259,0.0954374,0.096016,0.100176,0.0994889,0.103506,0.10265,0.103572,0.103757
0.0983973,0.0967294,0.0950396,0.09622,0.100562,0.0990993,0.104277,0.102507,0.102933,0.104236
0.0975953,0.0982872,0.0951144,0.0936919,0.10105,0.0997787,0.104485,0.101329,0.103254,0.105415
0.0983273,0.0980853,0.0953019,0.0959147,0.100802,0.0997164,0.103986,0.101715,0.102631,0.103519
0.098068,0.101227,0.0952226,0.0920685,0.100892,0.099579,0.104615,0.0986059,0.105525,0.104196
0.0975214,0.10169,0.0999553,0.0956025,0.0968947,0.101549,0.103022,0.0985513,0.10494,0.100273
0.094223,0.0964209,0.0937948,0.0865902,0.0952766,0.103409,0.106294,0.105399,0.106841,0.111751
0.0948275,0.0976137,0.09733,0.091682,0.0993192,0.100174,0.104496,0.103027,0.0983328,0.113198
0.0973207,0.0967085,0.0988331,0.0952165,0.100281,0.0995169,0.103255,0.101863,0.0990311,0.107974
0.097708,0.0960701,0.0992299,0.0955277,0.0993209,0.0995389,0.103184,0.101878,0.101448,0.106094
0.0968096,0.0967001,0.0983367,0.0948261,0.101076,0.100732,0.103361,0.101762,0.0991943,0.107202
0.0974212,0.0979966,0.0982876,0.095667,0.100128,0.100634,0.102565,0.101555,0.10065,0.105096
0.0966542,0.096607,0.0962241,0.092692,0.101409,0.101148,0.104374,0.102055,0.100011,0.108827
0.0968811,0.0968812,0.096633,0.0929743,0.102109,0.100068,0.104976,0.100973,0.0990856,0.10942
0.0967265,0.0968937,0.0966121,0.092753,0.101848,0.100757,0.104447,0.101325,0.0997896,0.108848
0.0959553,0.0964943,0.0950353,0.0907475,0.101658,0.101345,0.105234,0.102234,0.10051,0.110788
0.0972159,0.095173,0.093352,0.090453,0.10053,0.101634,0.105647,0.103726,0.101548,0.110721
0.0945582,0.097523,0.0892457,0.091526,0.0980651,0.101042,0.10906,0.103495,0.109565,0.10592
0.0926316,0.0976241,0.0877854,0.0872975,0.0947111,0.102704,0.111638,0.105642,0.112475,0.107491
0.0933929,0.0968797,0.0885166,0.089067,0.0967142,0.10286,0.109177,0.105876,0.108948,0.108568
0.0938825,0.095275,0.0873525,0.0871267,0.0951367,0.103319,0.109808,0.108754,0.107749,0.111596
0.0949842,0.0950719,0.0866352,0.0899338,0.0950796,0.100832,0.109433,0.109354,0.109018,0.109657
0.0960673,0.0963113,0.094907,0.0985675,0.0919085,0.0985227,0.106325,0.1069,0.109157,0.101333
0.0925057,0.0956131,0.0920489,0.09687,0.0929724,0.0983351,0.108562,0.107158,0.11255,0.103385
0.0940401,0.0972331,0.0914948,0.0979953,0.095752,0.0969207,0.109214,0.104654,0.112364,0.100332
0.0974866,0.0950423,0.0928892,0.0986859,0.0953617,0.0974252,0.107001,0.105976,0.109259,0.100873
0.0973901,0.0966579,0.0970264,0.103921,0.094648,0.0942272,0.10607,0.103533,0.10987,0.0966562
0.0958399,0.0968893,0.0959494,0.105523,0.0952536,0.0940349,0.105668,0.103707,0.110357,0.0967783
0.0984987,0.0959134,0.0949484,0.0995042,0.0962166,0.0972644,0.10585,0.103813,0.107386,0.100605
0.0993998,0.0938488,0.0930578,0.0973064,0.0982334,0.0982426,0.106318,0.103979,0.107412,0.102202
0.0996718,0.0922251,0.0924219,0.0950547,0.0978244,0.0991947,0.107105,0.104529,0.108788,0.103186
0.0986045,0.0940468,0.0948162,0.0967206,0.0980193,0.0986698,0.105813,0.103792,0.107735,0.101782
0.0997969,0.0961241,0.0961021,0.0945242,0.102258,0.0998024,0.103789,0.100427,0.101209,0.105967
0.0994837,0.0967205,0.0945763,0.0922645,0.103506,0.0988786,0.105646,0.0993324,0.100753,0.108839
0.0980487,0.0950054,0.0920314,0.0919787,0.101322,0.100207,0.106798,0.101592,0.105711,0.107306
0.0949791,0.0977198,0.0947383,0.090986,0.0964877,0.102245,0.106517,0.102019,0.107278,0.10703
0.090169,0.0979764,0.0910727,0.0848379,0.0866565,0.104547,0.110366,0.110399,0.113585,0.110389
0.0904448,0.0968953,0.0894589,0.0844777,0.0870985,0.103982,0.110515,0.111836,0.113274,0.112018
0.0929877,0.0945623,0.0932097,0.0892894,0.0886935,0.101607,0.10939,0.11079,0.112335,0.107135
0.0945001,0.0961323,0.0972669,0.0992307,0.0910327,0.0975263,0.106408,0.106952,0.110522,0.100429
0.0934223,0.095096,0.0966013,0.10301,0.0924638,0.0949215,0.106205,0.1072,0.111754,0.0993261
0.092773,0.0957574,0.0967469,0.100931,0.0923584,0.0965441,0.106628,0.106628,0.111976,0.0996578
0.0949476,0.0959041,0.0967236,0.10422,0.0939654,0.0947628,0.105769,0.105446,0.110421,0.097841
0.0979937,0.09462,0.0971387,0.0983706,0.093979,0.0993513,0.104309,0.106058,0.108282,0.0998978
0.0959288,0.0969369,0.0991844,0.099667,0.0949265,0.10067,0.102869,0.105795,0.10685,0.0971713
0.0969346,0.0958167,0.0991465,0.101769,0.0954795,0.0982994,0.102696,0.105609,0.106801,0.0974485
0.0988532,0.0950027,0.0988195,0.0995971,0.0966356,0.098326,0.103389,0.103344,0.105593,0.10044
0.098266,0.0959648,0.0979586,0.0968735,0.0992631,0.0989734,0.10345,0.101752,0.103501,0.103998
0.0967938,0.0957098,0.0974672,0.0956542,0.100326,0.0997098,0.103827,0.102216,0.102302,0.105994
0.0976217,0.0954987,0.0960031,0.0942452,0.10081,0.0987616,0.104908,0.101611,0.102628,0.107912
0.0977539,0.0956425,0.0948027,0.0922636,0.101991,0.0991055,0.106324,0.101287,0.10007,0.110761
0.0955953,0.0968782,0.093871,0.087738,0.100599,0.100702,0.10763,0.101817,0.0993993,0.11577
0.0954536,0.0977983,0.0959461,0.0887687,0.0983257,0.101924,0.106761,0.101886,0.102943,0.110194
0.0966438,0.0955546,0.0990307,0.095248,0.0997474,0.10114,0.103961,0.102693,0.0994994,0.106483
0.0969309,0.0978073,0.099834,0.0956305,0.0999946,0.100783,0.10289,0.101659,0.0979888,0.106481
0.096106,0.0991218,0.0992115,0.094587,0.0967812,0.100185,0.103021,0.101972,0.104234,0.10478
0.0962568,0.0992978,0.101164,0.0969914,0.0975114,0.0998629,0.101866,0.101175,0.102908,0.102967
0.0948232,0.0998131,0.101908,0.0961768,0.0956285,0.100269,0.102516,0.101112,0.104567,0.103185
0.0958389,0.100942,0.101515,0.0981143,0.0952643,0.0998729,0.101996,0.10095,0.105159,0.100348
0.094847,0.0986705,0.0960723,0.0933933,0.0926215,0.101337,0.104237,0.106137,0.108137,0.104547
0.0922223,0.0993581,0.0938004,0.0903353,0.0877658,0.102056,0.107448,0.109523,0.112272,0.105219
0.0905451,0.0984321,0.0943767,0.0865918,0.0876257,0.103754,0.107752,0.110566,0.111454,0.108903
0.0936958,0.0979405,0.0938677,0.0882931,0.09185,0.10307,0.106219,0.107506,0.109133,0.108426
0.0934872,0.0984905,0.0982565,0.0903033,0.093759,0.103198,0.104175,0.105948,0.105561,0.106822
0.0900955,0.0993487,0.0951054,0.086647,0.086825,0.105074,0.107933,0.11079,0.111411,0.10677
0.0944607,0.100011,0.0993919,0.094065,0.0933813,0.10188,0.103646,0.104479,0.106369,0.102317
0.0950301,0.0999131,0.0990701,0.0936566,0.0946956,0.100848,0.104223,0.101914,0.106468,0.104182
0.0940845,0.100706,0.0944578,0.088791,0.091099,0.102784,0.107537,0.103806,0.11276,0.103973
0.0932497,0.100089,0.0916795,0.0851389,0.0893738,0.103967,0.109464,0.10549,0.114992,0.106557
0.0943262,0.102737,0.097552,0.0900295,0.0919988,0.103614,0.105769,0.101829,0.110612,0.101533
0.096148,0.0990695,0.0970719,0.0914533,0.0964695,0.101816,0.104534,0.101438,0.106217,0.105784
0.0968699,0.102838,0.0939379,0.0853433,0.096636,0.101969,0.107576,0.0965769,0.110606,0.107647
0.096223,0.100238,0.0978822,0.0923305,0.0962092,0.101527,0.104422,0.100444,0.106563,0.104161
0.0953853,0.100797,0.0985506,0.0930373,0.0943492,0.10226,0.104062,0.102277,0.106966,0.102316
0.0958881,0.101484,0.100532,0.0946502,0.0949633,0.100917,0.10315,0.101452,0.105283,0.101681
0.0933686,0.101392,0.0992106,0.0916558,0.091418,0.103612,0.104774,0.104217,0.108681,0.101671
0.0908817,0.0997007,0.0957968,0.0893469,0.0897102,0.103663,0.107838,0.106288,0.111756,0.10502
0.0945566,0.101399,0.0987806,0.0944468,0.0929658,0.100901,0.104361,0.103338,0.108412,0.100838
0.0945993,0.10156,0.0997261,0.0941636,0.0924828,0.102739,0.103697,0.103636,0.107325,0.100072
0.0945118,0.0989563,0.0958426,0.0905439,0.091999,0.103046,0.105797,0.105599,0.109552,0.104151
0.0953552,0.0993238,0.0965522,0.0909927,0.0941223,0.102483,0.105635,0.10299,0.107515,0.105031
0.0966915,0.0961482,0.095753,0.0911686,0.101509,0.100787,0.105492,0.102078,0.0990631,0.11131
0.0967644,0.0960874,0.0971706,0.0913326,0.101315,0.101186,0.104905,0.102008,0.0979975,0.111233
0.0962296,0.0979887,0.0988095,0.0921049,0.0994331,0.101368,0.103064,0.102048,0.0999215,0.109032
0.0965918,0.0973951,0.0975652,0.0911786,0.100306,0.10121,0.10355,0.101226,0.102467,0.108511
0.0976111,0.0952689,0.0956186,0.094574,0.102605,0.100674,0.104293,0.102274,0.100262,0.106819
0.0969009,0.0928578,0.0924241,0.0935154,0.104333,0.100533,0.106265,0.103506,0.10138,0.108285
0.0958312,0.0897019,0.0910176,0.0948093,0.105817,0.101009,0.106206,0.105998,0.102303,0.107307
0.0948989,0.0878144,0.0908335,0.0950044,0.105282,0.101179,0.106633,0.108409,0.101273,0.108673
0.0954121,0.0905477,0.0921784,0.094502,0.105363,0.101182,0.105835,0.106098,0.100756,0.108126
0.0968726,0.0930109,0.0933956,0.0964953,0.104069,0.100543,0.104801,0.104041,0.101538,0.105233
0.0969554,0.092977,0.093919,0.0967477,0.103869,0.100532,0.104626,0.104157,0.100958,0.105259
0.096997,0.0917231,0.0926476,0.0957052,0.100617,0.101921,0.105537,0.106829,0.101599,0.106424
0.097666,0.0926632,0.091997,0.0934747,0.101748,0.101191,0.106709,0.104589,0.101742,0.108219
0.0968573,0.0908756,0.0887124,0.0919779,0.0997952,0.101305,0.108864,0.107733,0.102837,0.111043
0.0967148,0.0915045,0.0878692,0.0912271,0.0995356,0.101214,0.108343,0.107773,0.104821,0.110999
0.0973792,0.0945249,0.0894127,0.0900408,0.100826,0.100271,0.108835,0.104369,0.101906,0.112434
0.0973978,0.092188,0.0872988,0.0900074,0.100271,0.0995869,0.110423,0.106341,0.102456,0.11403
0.0969094,0.0944273,0.0916671,0.0892244,0.100828,0.101844,0.106435,0.104141,0.102905,0.111619
0.0960566,0.0951441,0.0920358,0.0856626,0.0983098,0.102252,0.107246,0.104218,0.105396,0.11368
0.0980392,0.0978054,0.0943237,0.0900202,0.100089,0.10187,0.104768,0.101096,0.103644,0.108343
0.0968578,0.101458,0.0968544,0.0925901,0.0973173,0.100764,0.104259,0.100287,0.105678,0.103936
0.0956138,0.102695,0.0955744,0.0954432,0.0974505,0.0971716,0.10509,0.100883,0.10839,0.101689
0.0942287,0.102896,0.0964043,0.0974552,0.0981783,0.0962537,0.104585,0.101581,0.107194,0.101224
0.0919358,0.106315,0.0966796,0.0953551,0.093906,0.0958929,0.106931,0.0998269,0.112894,0.100264
0.0899342,0.106225,0.0956465,0.0919806,0.0946285,0.0963296,0.107897,0.0997645,0.114014,0.10358
0.0849994,0.102077,0.0930737,0.0861552,0.0918019,0.0998127,0.111146,0.103623,0.118015,0.109296
0.0877866,0.0963812,0.0893592,0.0786497,0.0905663,0.106665,0.112722,0.108304,0.114455,0.115111
0.0861911,0.096456,0.087426,0.082667,0.0912508,0.104452,0.11347,0.108391,0.117806,0.11189
0.0909919,0.0966032,0.0929271,0.089621,0.0917421,0.103047,0.10848,0.10809,0.111969,0.106529
0.0906286,0.0940334,0.0915804,0.0935762,0.0931782,0.099619,0.10879,0.110272,0.112764,0.105559
0.0906207,0.0936657,0.091712,0.0911472,0.0898978,0.10142,0.109728,0.111381,0.113414,0.107015
0.0939722,0.0956712,0.0977138,0.0989435,0.0934176,0.0989861,0.104689,0.107793,0.108869,0.099945
0.0931556,0.0957888,0.0978677,0.0950093,0.0895102,0.102933,0.105326,0.110294,0.111292,0.0988234
0.0927286,0.0939116,0.0977953,0.102625,0.0937933,0.0977031,0.104175,0.11072,0.110322,0.0962263
0.0954493,0.0943245,0.0982466,0.102723,0.0933323,0.0983206,0.103334,0.109476,0.107503,0.0972908
0.0963976,0.096373,0.0967292,0.101979,0.0966536,0.0977303,0.102471,0.106885,0.107723,0.0970577
0.0971714,0.0954801,0.0955107,0.101888,0.0957531,0.0981606,0.103219,0.10727,0.10801,0.0975372
0.0975651,0.0964886,0.0957943,0.101614,0.0962491,0.0978603,0.102583,0.106537,0.107301,0.098008
0.0970715,0.0978272,0.0969957,0.101534,0.0974439,0.0982172,0.102443,0.104842,0.10615,0.0974759
0.0966833,0.0974809,0.0974245,0.10096,0.0974662,0.0994569,0.102276,0.105016,0.105531,0.0977053
0.0974875,0.0943773,0.0943707,0.0969618,0.0978066,0.0996277,0.103373,0.106916,0.10694,0.102139
0.0960333,0.0936726,0.0933685,0.0916254,0.0956357,0.101482,0.106658,0.106635,0.109713,0.105177
0.0982836,0.0932047,0.0948631,0.0962609,0.0950156,0.0995394,0.104753,0.107261,0.108773,0.102045
0.0959787,0.0957398,0.0964539,0.0909348,0.0967605,0.101413,0.105284,0.103117,0.106114,0.108205
0.0951321,0.0966485,0.0969307,0.0927161,0.0970361,0.099572,0.104468,0.104621,0.103375,0.109501
0.0938517,0.094228,0.0931188,0.0851345,0.099149,0.101259,0.108248,0.103127,0.101837,0.120047
0.0933605,0.0947072,0.0962908,0.0889772,0.0933416,0.100673,0.106956,0.104985,0.109543,0.111166
0.0939097,0.0919808,0.093522,0.0885183,0.0914396,0.0987418,0.108976,0.107911,0.113839,0.111162
0.0935675,0.0919665,0.0915831,0.0864685,0.0927496,0.100181,0.108561,0.109031,0.111994,0.113897
0.0903548,0.0913135,0.0877852,0.0810639,0.0892407,0.102238,0.111514,0.113122,0.116537,0.116831
0.0917767,0.0976968,0.100132,0.0892415,0.0921898,0.102023,0.106295,0.102126,0.109615,0.108904
0.0957614,0.0973098,0.0977253,0.0907076,0.100672,0.0998742,0.104607,0.101809,0.0980934,0.11344
0.0965042,0.0980033,0.0991005,0.0940432,0.100153,0.099987,0.103238,0.101704,0.0979786,0.109288
0.0969834,0.0987885,0.101188,0.0984324,0.0977375,0.0995599,0.101721,0.10133,0.102499,0.10176
0.0974483,0.102081,0.0975999,0.0947731,0.095677,0.100604,0.103601,0.0997411,0.106568,0.101906
0.099091,0.100505,0.0998999,0.10023,0.0993127,0.0989824,0.100908,0.0999301,0.101523,0.0996178
0.0988285,0.100061,0.0995123,0.0983755,0.0996872,0.0991386,0.10134,0.100041,0.101334,0.101682
0.0987985,0.0997337,0.0982515,0.0944496,0.100307,0.100364,0.102621,0.0993576,0.101482,0.104636
0.0982836,0.0996232,0.099258,0.0979238,0.100278,0.0992591,0.101404,0.100455,0.10061,0.102906
0.0986196,0.0989637,0.0974934,0.0981749,0.101154,0.0988497,0.102146,0.100363,0.100985,0.10325
0.0971741,0.100556,0.100564,0.0975346,0.0991842,0.0992256,0.10166,0.100319,0.101464,0.102319
0.0971877,0.0999385,0.100536,0.0965639,0.0986097,0.100011,0.102279,0.100278,0.102544,0.102053
0.0954296,0.0978478,0.0983826,0.0910809,0.0982599,0.10361,0.104332,0.101816,0.104603,0.104637
0.0969235,0.0981041,0.0988203,0.0943031,0.0984303,0.101543,0.103095,0.101523,0.103928,0.10333
0.0968476,0.0983413,0.0990753,0.0949948,0.0979687,0.101739,0.103408,0.101712,0.103252,0.10266
0.0949229,0.0950312,0.0981794,0.0936986,0.0963242,0.102972,0.104595,0.104957,0.105926,0.103394
0.0959177,0.0949652,0.0960115,0.0944641,0.0972053,0.101387,0.104981,0.105606,0.104153,0.10531
0.096329,0.0974238,0.0980601,0.0991713,0.0946733,0.101222,0.102886,0.105725,0.106854,0.0976556
0.0951757,0.0977552,0.0988171,0.100144,0.0921399,0.100548,0.103578,0.106731,0.109509,0.0956025
0.092367,0.0985455,0.0967815,0.0964175,0.0898234,0.100099,0.106386,0.107676,0.113659,0.0982441
0.0935893,0.0978031,0.0980126,0.0978677,0.0899398,0.100322,0.10573,0.107413,0.112317,0.0970057
0.0958676,0.0986566,0.097544,0.100527,0.0898412,0.0972733,0.105158,0.106413,0.112653,0.0960665
0.0972608,0.0968264,0.0958402,0.102029,0.0930236,0.0969255,0.104505,0.106699,0.109833,0.0970575
0.0944525,0.0946246,0.0914305,0.0991662,0.0926938,0.0959869,0.107309,0.110409,0.112516,0.101411
0.0969897,0.0968371,0.0930147,0.0985917,0.0956069,0.0979562,0.1047,0.107254,0.108736,0.100313
0.0975575,0.0963556,0.0926976,0.100684,0.0978319,0.0978438,0.103795,0.107559,0.106347,0.0993279
0.096694,0.0999399,0.0952769,0.0964939,0.0960842,0.0995636,0.104808,0.103511,0.107795,0.0998333
0.0968655,0.0983749,0.0948022,0.0951742,0.0976463,0.101176,0.104136,0.10433,0.105042,0.102453
0.0975566,0.0964364,0.096375,0.0960807,0.0996489,0.102443,0.10245,0.104033,0.1014,0.103577
0.0956946,0.0981134,0.0915311,0.0972511,0.0967307,0.0983678,0.10544,0.106139,0.108152,0.102581
0.0945536,0.0973534,0.0934496,0.0955211,0.0970264,0.100407,0.105171,0.104772,0.107578,0.104167
0.0911723,0.0968709,0.0927531,0.0942853,0.0955852,0.10013,0.106878,0.105538,0.111798,0.104988
0.090485,0.0975829,0.0932883,0.0952264,0.0945209,0.0990797,0.107329,0.10571,0.112945,0.103833
0.0966319,0.100238,0.0973901,0.0983869,0.0951343,0.0993397,0.103487,0.103159,0.108683,0.0975495
0.0976811,0.0979481,0.0939488,0.0978821,0.0962208,0.0986834,0.10473,0.104002,0.108302,0.100602
0.0956516,0.0933142,0.0897263,0.0917459,0.0936953,0.101769,0.107618,0.11001,0.109102,0.107368
0.0971484,0.0976061,0.095119,0.101115,0.0964002,0.0973374,0.103818,0.104517,0.107414,0.0995253
0.0972868,0.0986943,0.0966316,0.100601,0.0972679,0.098203,0.102802,0.103291,0.10587,0.0993523
0.094791,0.0993194,0.0949497,0.0994897,0.0963614,0.0974877,0.104852,0.102917,0.109224,0.100609
0.0988061,0.0997058,0.0948836,0.0961149,0.0979591,0.0994216,0.103412,0.10178,0.106151,0.101767
0.098076,0.102145,0.097889,0.0981472,0.0976705,0.0987537,0.102656,0.0996796,0.105628,0.0993548
0.0989503,0.0989086,0.0961495,0.0963247,0.0977101,0.0996276,0.103469,0.101049,0.10602,0.101792
0.0974547,0.0991358,0.0974132,0.0932283,0.0994395,0.100128,0.103614,0.0999094,0.104196,0.105482
0.0975754,0.0971699,0.0959163,0.0915374,0.101108,0.101092,0.103774,0.101207,0.102372,0.108248
0.0962674,0.0982798,0.0967337,0.0918921,0.0974279,0.102137,0.103889,0.102663,0.103826,0.106884
0.095966,0.0985993,0.0998342,0.0931405,0.0979268,0.101094,0.102865,0.101293,0.102459,0.106823
0.0962693,0.0968688,0.095525,0.0891379,0.099647,0.101727,0.10444,0.102456,0.102455,0.111474
0.0966259,0.097224,0.093763,0.0907812,0.0999725,0.0994124,0.1062,0.103023,0.100025,0.112974
0.098126,0.0967917,0.0937429,0.0916397,0.101626,0.0986829,0.107904,0.101387,0.0975769,0.112523
0.096938,0.0964335,0.0950122,0.089982,0.100567,0.100671,0.105471,0.102655,0.0996652,0.112606
0.096048,0.0952884,0.0933054,0.0889058,0.100133,0.101171,0.106034,0.104116,0.101307,0.113691
0.0973826,0.094955,0.092649,0.0909537,0.100258,0.100973,0.105954,0.10414,0.10186,0.110875
0.0946005,0.0924647,0.0862007,0.0865868,0.0961687,0.103402,0.109528,0.109698,0.108671,0.112679
0.0952575,0.0958211,0.0919955,0.0904787,0.0948637,0.101808,0.106763,0.107588,0.106702,0.108722
0.0972497,0.0981731,0.0966549,0.0936794,0.0972793,0.102129,0.102722,0.104068,0.103297,0.104747
0.0955514,0.0963141,0.09341,0.0916133,0.0940463,0.101644,0.106225,0.107115,0.108752,0.105329
0.0949909,0.0952305,0.0903747,0.0871645,0.0945043,0.103009,0.108205,0.107652,0.108714,0.110155
0.0945014,0.0983315,0.0899629,0.087044,0.0911862,0.101335,0.110666,0.105121,0.114461,0.107391
0.0933842,0.0981805,0.0895318,0.0851868,0.0900594,0.102282,0.111425,0.106216,0.114389,0.109344
0.0935296,0.0958357,0.0869582,0.0851768,0.0932658,0.102875,0.110018,0.108961,0.110917,0.112463
0.0934535,0.095755,0.0898147,0.0868336,0.0933868,0.102991,0.108843,0.108996,0.108895,0.111031
0.0966153,0.0981849,0.0931071,0.0902359,0.0960071,0.102249,0.105528,0.104105,0.106857,0.107111
0.0956886,0.097467,0.0943926,0.0909794,0.094167,0.10241,0.10484,0.106735,0.106433,0.106887
0.0939966,0.0968831,0.0916764,0.0881798,0.0926018,0.102521,0.108583,0.10748,0.108822,0.109256
0.0937071,0.0956896,0.0887545,0.0869567,0.0923321,0.102169,0.110281,0.108736,0.110632,0.110742
0.0962944,0.0937456,0.088194,0.0904222,0.0987885,0.101373,0.10651,0.10838,0.105351,0.11094
0.0954586,0.0944965,0.0897572,0.0903623,0.0959987,0.101796,0.106986,0.108678,0.106461,0.110006
0.0955887,0.0958815,0.0912128,0.0871337,0.0948059,0.10213,0.107069,0.106259,0.108519,0.1114
0.0960433,0.0947921,0.0896279,0.0867127,0.0952216,0.101952,0.107685,0.106976,0.109386,0.111603
0.0950196,0.0958748,0.0901426,0.087541,0.0934957,0.10191,0.108247,0.107562,0.112103,0.108104
0.0954127,0.0966399,0.0916108,0.0890893,0.0937674,0.101668,0.107095,0.106858,0.109882,0.107977
0.0943554,0.0954482,0.0890194,0.0892121,0.0934713,0.102154,0.109137,0.108329,0.111032,0.10784
0.0934489,0.0997219,0.0933667,0.0904283,0.0909353,0.101206,0.10858,0.104893,0.112844,0.104575
0.0969479,0.0994087,0.0934164,0.0916296,0.0946372,0.101244,0.10617,0.103082,0.109937,0.103528
0.0950006,0.0969245,0.0916751,0.0889969,0.0926024,0.102932,0.107048,0.107803,0.110854,0.106164
0.0946766,0.0998267,0.0956553,0.0899694,0.0930792,0.102058,0.107074,0.10261,0.111323,0.103728
0.0954268,0.101392,0.0981929,0.090763,0.0958752,0.102018,0.105191,0.0993375,0.107859,0.103945
0.095745,0.098997,0.0977579,0.0930835,0.0952682,0.102629,0.10377,0.103978,0.105788,0.102983
0.0977511,0.0986383,0.10008,0.0973944,0.0989893,0.100853,0.101796,0.100873,0.101929,0.101697
0.0976163,0.0985064,0.0992002,0.0973851,0.0998133,0.0995284,0.102167,0.100956,0.101761,0.103066
0.0973764,0.100043,0.0995177,0.0976386,0.0995538,0.0985325,0.101938,0.100495,0.10207,0.102836
0.0981114,0.097302,0.097579,0.0954059,0.100662,0.0994996,0.103388,0.100961,0.101157,0.105934
0.0984902,0.098924,0.0981877,0.0944982,0.0997768,0.0998296,0.103001,0.0997158,0.102979,0.104598
0.0981629,0.0988919,0.0994574,0.0966724,0.0995314,0.0999479,0.101914,0.100419,0.102023,0.10298
0.0984038,0.0972014,0.0963825,0.0968498,0.101502,0.0985263,0.103698,0.100851,0.101015,0.105569
0.0987967,0.0983142,0.097853,0.0989193,0.10095,0.0989773,0.102025,0.100653,0.100825,0.102687
0.0985204,0.0978128,0.0971435,0.0975385,0.101239,0.0987599,0.102999,0.100719,0.100711,0.104557
0.0989692,0.0977544,0.095148,0.0954853,0.101467,0.0994061,0.103767,0.100977,0.101662,0.105364
0.0979184,0.0991271,0.095939,0.0934135,0.101692,0.0991205,0.104298,0.0998562,0.100565,0.10807
0.0987558,0.0950488,0.0959777,0.0976227,0.100137,0.099738,0.103141,0.103347,0.101918,0.104313
0.0984721,0.0982279,0.0984833,0.101556,0.0985968,0.0980303,0.101593,0.102739,0.103244,0.0990585
0.0978014,0.0979597,0.0976973,0.102175,0.0968556,0.0968163,0.102557,0.1037,0.106713,0.0977248
0.0985099,0.0992757,0.0978726,0.101324,0.0975022,0.0977087,0.102223,0.102208,0.105806,0.0975691
0.0979689,0.103011,0.0994012,0.100653,0.096476,0.097911,0.102162,0.0994254,0.106632,0.0963591
0.098764,0.100438,0.0989682,0.101083,0.0951505,0.0981374,0.102504,0.1011,0.106892,0.0969624
0.0986638,0.101002,0.100041,0.100184,0.0959376,0.0990215,0.102091,0.0995935,0.105344,0.0981215
0.0975611,0.101723,0.100054,0.0984449,0.0944273,0.099644,0.102737,0.0998481,0.106936,0.0986238
0.0969155,0.101202,0.102014,0.10023,0.0952323,0.0999747,0.101425,0.10009,0.10443,0.0984861
0.0987841,0.0982507,0.0979098,0.101877,0.0959806,0.0973288,0.102391,0.10382,0.105951,0.0977077
0.0975636,0.0968775,0.0978877,0.101939,0.0980266,0.0973139,0.101967,0.104645,0.104734,0.0990455
0.0971569,0.0962731,0.0953157,0.0926466,0.0968639,0.101874,0.104808,0.104265,0.106471,0.104326
0.0982059,0.097857,0.096014,0.0922675,0.0993061,0.100792,0.104808,0.101887,0.100786,0.108077
0.0975413,0.0945726,0.0954024,0.101851,0.0959987,0.0970851,0.102772,0.108582,0.107051,0.0991437
0.0963706,0.0963121,0.0964472,0.1016,0.0964245,0.0970716,0.102665,0.107204,0.106172,0.0997331
0.0949895,0.0971526,0.0953662,0.104018,0.0964032,0.094632,0.104212,0.106065,0.108854,0.0983076
0.0938726,0.098177,0.0943442,0.104062,0.0965846,0.093812,0.106281,0.103251,0.111526,0.0980899
0.0944705,0.0994154,0.0963159,0.103374,0.098959,0.0951796,0.104412,0.101111,0.108335,0.0984273
0.0928313,0.0996118,0.095569,0.101948,0.0985291,0.095461,0.105535,0.101465,0.110056,0.0989938
0.0943396,0.099297,0.0960635,0.0987263,0.0975392,0.0982552,0.104962,0.102426,0.107798,0.100592
0.0975389,0.0981808,0.0983321,0.0978003,0.097796,0.101449,0.101797,0.103779,0.102519,0.100809
0.098175,0.097046,0.0976746,0.0984986,0.099296,0.101577,0.101546,0.103116,0.101765,0.101306
0.0977563,0.0975304,0.0986953,0.0952664,0.0994384,0.101632,0.102325,0.101764,0.101774,0.103817
0.0992243,0.0997394,0.0982597,0.0955051,0.100954,0.100928,0.10168,0.0994304,0.100829,0.10345
0.0973076,0.0977196,0.096408,0.0935159,0.0981113,0.101483,0.102724,0.103776,0.102519,0.106434
0.0951192,0.10022,0.094599,0.0888109,0.0939539,0.10252,0.10629,0.102545,0.109637,0.106306
0.0948376,0.0993908,0.09358,0.0886035,0.0932099,0.102605,0.106589,0.104205,0.110345,0.106635
0.0933592,0.0983333,0.0917486,0.0864439,0.0905395,0.10369,0.107734,0.107761,0.112359,0.108032
0.0935582,0.0964229,0.0895772,0.0853321,0.090846,0.103915,0.108073,0.11001,0.111906,0.11036
0.0948163,0.0921372,0.0856794,0.0831437,0.0950339,0.102314,0.109408,0.110051,0.110011,0.117405
0.0954031,0.0906437,0.0807878,0.081924,0.0983542,0.100719,0.111929,0.110571,0.107875,0.121793
0.095309,0.0915014,0.0828488,0.0818129,0.0989239,0.100395,0.111737,0.108641,0.106022,0.122809
0.0954308,0.0919476,0.0841578,0.0832703,0.0982411,0.101634,0.10969,0.10923,0.106702,0.119698
0.0948326,0.0918814,0.0855133,0.0835705,0.0978783,0.102825,0.108696,0.109994,0.106685,0.118124
0.096455,0.0952748,0.0909614,0.0885518,0.0990947,0.100206,0.106847,0.105484,0.102159,0.114965
0.0977148,0.0979241,0.0937122,0.0924567,0.100294,0.0987505,0.1061,0.102146,0.100009,0.110893
0.0972553,0.0967663,0.0930206,0.0888453,0.10134,0.100626,0.106151,0.101928,0.101678,0.11239
0.0979012,0.0979573,0.0929508,0.0890937,0.102329,0.0991246,0.10646,0.100025,0.101896,0.112262
0.0966403,0.0974228,0.0919612,0.0843512,0.103655,0.100571,0.107756,0.0993211,0.10212,0.1162
0.0981619,0.0979722,0.0931372,0.0889514,0.102974,0.0997351,0.106267,0.0993975,0.102113,0.111291
0.0980507,0.0987968,0.0962326,0.0911584,0.102177,0.101395,0.103454,0.0998678,0.100935,0.107933
0.0983356,0.0973995,0.0965455,0.0946279,0.101547,0.100485,0.104501,0.101045,0.0986101,0.106904
0.0984433,0.0977638,0.0964196,0.0950786,0.101615,0.101019,0.10336,0.101057,0.100105,0.10514
0.0983197,0.0972771,0.0959267,0.0926529,0.102013,0.10067,0.104445,0.100543,0.100285,0.107867
0.0973699,0.0952484,0.0921273,0.0915041,0.100502,0.100496,0.1062,0.104116,0.101679,0.110757
0.0982611,0.0935502,0.0906181,0.0933418,0.100198,0.0997488,0.107887,0.105127,0.101335,0.109934
0.0973061,0.0930689,0.0895682,0.0929761,0.0990184,0.0997349,0.107052,0.107214,0.103657,0.110405
0.0984899,0.0956487,0.0936697,0.0963875,0.0994494,0.100334,0.103499,0.104566,0.103173,0.104782
0.0974258,0.0977499,0.0944531,0.0957264,0.0989458,0.101459,0.103622,0.102869,0.104338,0.103411
0.0991315,0.0977335,0.0956457,0.0952655,0.0994715,0.100687,0.103618,0.102004,0.103569,0.102875
0.0981808,0.0986723,0.0978427,0.0963434,0.101267,0.100777,0.101847,0.101078,0.100308,0.103684
0.0982335,0.0993788,0.0984452,0.0981056,0.101294,0.0999134,0.101149,0.100794,0.101135,0.101552
0.0973886,0.0987681,0.0999854,0.0975657,0.0994928,0.0997341,0.101484,0.1012,0.101812,0.10257
0.0978281,0.0990567,0.09947,0.0981478,0.100553,0.0995561,0.101316,0.100953,0.101361,0.101758
0.0959765,0.1005,0.096885,0.0991439,0.100625,0.0976091,0.10251,0.102287,0.103023,0.101441
0.0975135,0.102104,0.096452,0.0937226,0.0964152,0.0984904,0.105342,0.098827,0.109731,0.101402
0.0971272,0.101256,0.0970126,0.0964683,0.0962131,0.0998773,0.104014,0.100904,0.107294,0.0998341
0.0969529,0.0986051,0.0949225,0.0921903,0.0971679,0.101944,0.104177,0.103189,0.106559,0.104293
0.0960929,0.101972,0.0969133,0.0915754,0.0963892,0.101672,0.104659,0.0995046,0.108382,0.102839
0.0928895,0.103536,0.0953232,0.0900818,0.0890929,0.101025,0.108812,0.101693,0.117335,0.100212
0.0848105,0.105387,0.0938148,0.089756,0.0877753,0.09765,0.111862,0.102053,0.123142,0.10375
0.0867578,0.103517,0.0939755,0.0926617,0.0909466,0.0975137,0.110043,0.102261,0.120014,0.102311
0.0833173,0.102784,0.0925128,0.0855124,0.0895518,0.0997218,0.112489,0.103606,0.12169,0.108814
0.0791045,0.0984806,0.0853608,0.0809231,0.088666,0.10048,0.117545,0.106605,0.126924,0.115911
0.079145,0.0965839,0.0813709,0.0786256,0.0900539,0.10258,0.119216,0.107071,0.127219,0.118134
0.0822838,0.0993463,0.0844688,0.0833848,0.0933065,0.100751,0.116122,0.103947,0.122355,0.114036
0.0830748,0.0998264,0.084664,0.084482,0.0949626,0.100474,0.115495,0.103036,0.121405,0.11258
0.0813593,0.0998271,0.0836175,0.0830243,0.0937861,0.100192,0.117024,0.103325,0.12384,0.114004
0.080712,0.0998478,0.083176,0.0823519,0.0933798,0.10031,0.117652,0.103429,0.124745,0.114397
0.0859744,0.0993345,0.0882884,0.0859747,0.0940031,0.101645,0.112544,0.104071,0.117013,0.111151
0.0913017,0.0991231,0.0936271,0.0910561,0.0964857,0.102159,0.107054,0.10386,0.109155,0.106178
0.0902129,0.0991031,0.0935575,0.0881863,0.0933043,0.103486,0.108461,0.105728,0.110653,0.107309
0.0938976,0.100492,0.0964151,0.0939142,0.0954493,0.100933,0.105441,0.10268,0.107527,0.10325
0.0950207,0.0996085,0.098599,0.0938522,0.0949656,0.102349,0.103643,0.103963,0.105692,0.102307
0.0961658,0.099834,0.0993083,0.0962871,0.0960245,0.101134,0.102518,0.103003,0.104245,0.10148
0.0939596,0.0993256,0.0952501,0.0933335,0.096734,0.101771,0.105284,0.102936,0.107078,0.104328
0.097887,0.0973964,0.0940432,0.0943316,0.0989721,0.101375,0.104054,0.10353,0.103105,0.105304
0.0994801,0.0965099,0.0966785,0.0978637,0.0983975,0.0996398,0.102679,0.102906,0.104313,0.101533
0.0975064,0.0988838,0.095254,0.089382,0.0995551,0.101429,0.105461,0.100328,0.104336,0.107864
0.0970412,0.0954546,0.0948635,0.0934807,0.0970289,0.101044,0.105013,0.104918,0.107114,0.104041
0.0970052,0.0958215,0.0958405,0.0991199,0.0962904,0.0990256,0.103186,0.106762,0.10769,0.0992591
0.0965258,0.0953989,0.0966951,0.0971389,0.0956253,0.101096,0.103979,0.106198,0.107492,0.0998516
0.0942376,0.0944327,0.0929708,0.0899811,0.0942657,0.102856,0.105835,0.109531,0.108419,0.107471
0.0958757,0.0966086,0.095018,0.0913204,0.0956687,0.10224,0.104566,0.106071,0.106563,0.106068
0.092997,0.0975769,0.0930262,0.0841306,0.0943912,0.104785,0.107558,0.10465,0.110226,0.11066
0.0971222,0.0927891,0.0958233,0.0965839,0.0982766,0.100637,0.104622,0.1052,0.104661,0.104284
0.0967675,0.0921565,0.0933138,0.0948194,0.0982484,0.100135,0.10597,0.106598,0.104609,0.107382
0.095477,0.0908363,0.0880056,0.0873308,0.0961586,0.100884,0.107929,0.110451,0.109794,0.113135
0.0969797,0.0915795,0.087144,0.0873747,0.0989033,0.100783,0.108096,0.10842,0.105761,0.114959
0.0957505,0.0925758,0.0864445,0.0845521,0.0996926,0.101413,0.109217,0.107414,0.104883,0.118057
0.0952739,0.0959589,0.0885003,0.0830511,0.101395,0.0995499,0.111295,0.102882,0.100135,0.12196
0.0962513,0.095891,0.0884217,0.0831219,0.102127,0.100217,0.110643,0.102246,0.100997,0.120084
0.0944662,0.0955728,0.0893271,0.0800701,0.0983861,0.103501,0.110153,0.10343,0.104446,0.120647
0.0934732,0.09443,0.0878313,0.0803846,0.0995148,0.103849,0.109663,0.105085,0.103555,0.122214
0.0954459,0.0937161,0.0852231,0.0843422,0.100476,0.0989806,0.112431,0.105456,0.103013,0.120916
0.0939703,0.0927274,0.0845556,0.0810735,0.0992359,0.103309,0.109998,0.108078,0.106282,0.12077
0.0925908,0.0943768,0.0871415,0.0790876,0.0949395,0.105679,0.110021,0.107959,0.109377,0.118827
0.0928186,0.0952587,0.0879778,0.0796914,0.0949212,0.105768,0.109696,0.106787,0.10909,0.117992
0.093707,0.0932083,0.0863057,0.0806623,0.0950335,0.104992,0.109922,0.108653,0.110653,0.116863
0.0966125,0.0964415,0.0924799,0.0887826,0.0981572,0.102953,0.105441,0.104197,0.105301,0.109634
0.0972208,0.0989527,0.0927994,0.0867422,0.0979061,0.103346,0.105988,0.100924,0.106776,0.109345
0.0952327,0.0969856,0.0941786,0.0899243,0.0954656,0.102321,0.105681,0.105353,0.105645,0.109214
0.0967127,0.0981811,0.092627,0.0899135,0.0963116,0.101913,0.10626,0.103562,0.106722,0.107797
0.0994572,0.0998122,0.0980282,0.095708,0.0996083,0.100491,0.102264,0.0995361,0.102323,0.102772
0.0973506,0.102797,0.0953754,0.0891089,0.0969126,0.101124,0.106282,0.097089,0.108554,0.105407
0.0972192,0.105012,0.094795,0.0884717,0.093381,0.100953,0.107676,0.0962548,0.113193,0.103045
0.0964141,0.10217,0.0968467,0.0949203,0.0992571,0.0978306,0.104077,0.099638,0.105509,0.103337
0.0954116,0.101449,0.0961244,0.0974364,0.101031,0.096805,0.103364,0.101166,0.104529,0.102684
0.0950891,0.100202,0.09583,0.0983235,0.101617,0.0970423,0.10396,0.101589,0.103621,0.102727
0.0953605,0.0989309,0.0953747,0.0972568,0.10159,0.0976345,0.104753,0.101788,0.104239,0.103072
0.0973203,0.0976571,0.0961102,0.094011,0.101184,0.0997541,0.104701,0.100929,0.10322,0.105114
0.0947245,0.0976045,0.0949736,0.10009,0.10261,0.0973356,0.103856,0.103531,0.102756,0.102518
0.096347,0.0943882,0.0950081,0.10092,0.103252,0.0992508,0.102999,0.104744,0.101023,0.102068
0.0964174,0.0936283,0.0939182,0.0985455,0.104296,0.0997039,0.103206,0.104756,0.101479,0.10405
0.0970525,0.0955124,0.0953495,0.101523,0.101455,0.0986872,0.102321,0.105081,0.101814,0.101205
0.0977706,0.0950052,0.0957034,0.0994052,0.101703,0.099881,0.102861,0.104204,0.101027,0.10244
0.0973113,0.097178,0.0958865,0.098541,0.102403,0.099647,0.102885,0.102227,0.101574,0.102347
0.0980472,0.0955431,0.0937142,0.0945547,0.101477,0.100404,0.104233,0.103248,0.102613,0.106167
0.0994608,0.0960709,0.0939945,0.0961209,0.0989573,0.0998917,0.103495,0.104078,0.103947,0.103983
0.0989297,0.0976675,0.095634,0.0955504,0.0998342,0.100026,0.103165,0.101991,0.102673,0.104529
0.097901,0.0992014,0.093968,0.0929997,0.0989205,0.100027,0.104311,0.101703,0.105979,0.104989
0.0973101,0.0970792,0.0941351,0.0925217,0.0976709,0.102153,0.104773,0.10429,0.104144,0.105924
0.0991721,0.0987132,0.0964363,0.0950614,0.0994803,0.100255,0.10283,0.101292,0.102849,0.10391
0.0990394,0.0994134,0.0988054,0.0968934,0.0997904,0.100725,0.101526,0.100515,0.100991,0.102302
0.0980225,0.0986417,0.0961341,0.0929061,0.0981647,0.101925,0.103265,0.102145,0.103995,0.104801
0.0964164,0.0968424,0.095404,0.0901939,0.0961943,0.101137,0.105888,0.103124,0.107502,0.107298
0.0954344,0.0952123,0.0940441,0.0874686,0.0955558,0.101444,0.107399,0.104748,0.108183,0.11051
