0,1,2,3,4,5,6,7,8,9
0,0,0,0,0,0,0,0,0,0
0,0,0,0,0,0,0,0,0,0
0,0,0,0,0,0,0,0,0,0
0,0,0,0,0,0,0,0,0,0
0,0,0,0,0,0,0,0,0,0
0,0,0,0,0,0,0,0,0,0
0,0,0,0,0,0,0,0,0,0
0,0,0,0,0,0,0,0,0,0
0,0,0,0,0,0,0,0,0,0
0.101448,0.102736,0.10133,0.0988978,0.0977943,0.0978918,0.0999035,0.0985877,0.100517,0.100893
0.106936,0.103925,0.105827,0.0993195,0.0961558,0.0953198,0.0993269,0.0963224,0.0984827,0.0983847
0.10729,0.103686,0.103975,0.100001,0.0954334,0.0951166,0.101411,0.0965729,0.0982388,0.0982751
0.102866,0.103463,0.104504,0.101238,0.0965984,0.0969297,0.0998504,0.0975313,0.0980904,0.0989287
0.104264,0.104283,0.105251,0.10085,0.0959667,0.0952911,0.0982185,0.0977584,0.0980158,0.100101
0.105902,0.102754,0.103306,0.0983986,0.0965572,0.0941196,0.0988521,0.098317,0.0996347,0.102159
0.104648,0.104696,0.101477,0.0994114,0.0949879,0.0941793,0.102482,0.0965936,0.0997139,0.101812
0.107139,0.102674,0.102493,0.100127,0.0968419,0.0926457,0.102469,0.0953556,0.0983271,0.101928
0.105617,0.100806,0.100841,0.097087,0.0981517,0.0962709,0.0985342,0.100917,0.101,0.100775
0.104419,0.101782,0.105466,0.0992685,0.0993843,0.0955427,0.099583,0.0951393,0.098093,0.101322
0.107466,0.102161,0.10539,0.0998046,0.0977778,0.0916884,0.100581,0.0933379,0.0976625,0.10413
0.103532,0.102016,0.102906,0.0983528,0.0981812,0.0947395,0.0981161,0.0974123,0.100142,0.104602
0.104917,0.102041,0.106476,0.0984537,0.097993,0.0920197,0.0959694,0.0962405,0.0998975,0.105992
0.104527,0.103486,0.106032,0.0986661,0.0976227,0.0912092,0.0944248,0.0973316,0.101061,0.105639
0.102959,0.10285,0.103609,0.0996071,0.0978958,0.0952862,0.0954322,0.0987531,0.100936,0.102672
0.10063,0.103908,0.104471,0.100889,0.0988336,0.0955995,0.0968828,0.096547,0.0996559,0.102584
0.0979186,0.107731,0.113276,0.108206,0.0987381,0.0934592,0.0885883,0.093072,0.0985677,0.100443
0.0989712,0.106654,0.108975,0.105179,0.0984642,0.0946637,0.0921741,0.0954248,0.0984061,0.101087
0.0983401,0.105016,0.104555,0.103352,0.0974212,0.0925532,0.095207,0.096516,0.100112,0.106928
0.098255,0.105473,0.107182,0.105073,0.0983989,0.0928281,0.0938395,0.0956465,0.0990909,0.104213
0.0988471,0.108092,0.113195,0.10723,0.0987292,0.0922995,0.0912858,0.0926945,0.096982,0.100645
0.0987587,0.106961,0.116533,0.107732,0.100429,0.0917211,0.0909655,0.0896012,0.097166,0.100132
0.100038,0.10602,0.111819,0.10525,0.0997292,0.0940129,0.0936992,0.0916764,0.0978014,0.0999538
0.107525,0.103362,0.114401,0.100559,0.10093,0.0921707,0.0971836,0.0890832,0.0979787,0.0968071
0.105445,0.102844,0.110013,0.101553,0.0987037,0.0953519,0.0995817,0.092455,0.0975649,0.0964873
0.103897,0.103167,0.108549,0.100402,0.0997067,0.0968366,0.0980681,0.092795,0.0981068,0.0984714
0.101989,0.103088,0.10146,0.100635,0.0986381,0.0998781,0.100492,0.0952739,0.0978192,0.100727
0.103868,0.10397,0.108638,0.101121,0.0990661,0.0962215,0.0992418,0.0918179,0.0975353,0.0985204
0.106799,0.102223,0.117339,0.100675,0.10102,0.0929314,0.0937339,0.0901436,0.0965396,0.0985951
0.10676,0.102014,0.114452,0.0996932,0.101753,0.0910008,0.0947555,0.09377,0.0984193,0.0973824
0.113928,0.0975433,0.118243,0.099888,0.104036,0.0850121,0.0895806,0.095119,0.0962566,0.100393
0.109731,0.0990675,0.117612,0.0997502,0.102802,0.0887523,0.0908529,0.0950843,0.0976881,0.0986594
0.113946,0.10137,0.115306,0.0974458,0.0995275,0.0889021,0.0909857,0.0969729,0.0994621,0.0960816
0.108432,0.101988,0.107501,0.098831,0.0981935,0.0932573,0.0948138,0.0978964,0.100196,0.0988899
0.114006,0.101723,0.110284,0.0964151,0.096757,0.0917596,0.0921735,0.0967881,0.0984354,0.101658
0.119316,0.102679,0.11289,0.0941283,0.0952027,0.0896967,0.0894715,0.0979014,0.0983643,0.10035
0.123832,0.100687,0.113866,0.0930506,0.0952049,0.0857128,0.0874132,0.100596,0.0995392,0.100099
0.123588,0.100596,0.114498,0.0929008,0.09544,0.08589,0.0875203,0.099707,0.0989128,0.100947
0.115696,0.101758,0.11736,0.0972885,0.0979205,0.0860126,0.0896517,0.0934376,0.0971186,0.103757
0.114316,0.101114,0.118428,0.0975722,0.0986516,0.0865173,0.0887935,0.0944724,0.0967009,0.103435
0.111368,0.102116,0.105751,0.0966262,0.0967158,0.0935651,0.0931569,0.0999668,0.100232,0.100503
0.114384,0.102756,0.102616,0.0943753,0.0961658,0.0927836,0.0955455,0.100319,0.101571,0.0994848
0.112228,0.10136,0.101249,0.0977808,0.0955188,0.0947459,0.0984492,0.101304,0.100235,0.0971304
0.105384,0.10143,0.103605,0.0997618,0.097854,0.0979018,0.0981737,0.0993163,0.099988,0.0965853
0.0998191,0.103762,0.106313,0.1037,0.0997118,0.0968665,0.0957884,0.0954074,0.098983,0.0996485
0.0979628,0.105199,0.10719,0.105864,0.0989955,0.0944006,0.0943326,0.0952292,0.0983433,0.102484
0.0983523,0.104879,0.106923,0.105042,0.098751,0.0943671,0.0945488,0.0960118,0.0984902,0.102634
0.0993685,0.103266,0.104899,0.103531,0.0994103,0.0950272,0.0960105,0.0969513,0.0997451,0.101792
0.0993978,0.101312,0.100777,0.101043,0.0993424,0.0960883,0.0996512,0.0994421,0.100611,0.102334
0.0995214,0.102344,0.102062,0.101455,0.0992333,0.0956467,0.09833,0.0986998,0.100378,0.102329
0.0997552,0.103703,0.104668,0.10262,0.0990495,0.0939289,0.096581,0.0969685,0.0998512,0.102875
0.100236,0.104932,0.107469,0.103505,0.0994148,0.0917082,0.0957372,0.0952428,0.099132,0.102623
0.0988221,0.105983,0.108321,0.104571,0.0989038,0.0909518,0.0951636,0.0946038,0.0984498,0.10423
0.102177,0.103499,0.109261,0.101663,0.0998877,0.0925941,0.0988713,0.0942887,0.0971973,0.100561
0.106671,0.103759,0.106145,0.096975,0.0982904,0.0924887,0.0978646,0.097298,0.0987104,0.101798
0.105497,0.103759,0.104002,0.0970966,0.0972209,0.0927348,0.0980292,0.0985417,0.099762,0.103357
0.100885,0.101899,0.102801,0.101089,0.0984789,0.0957904,0.100234,0.0975552,0.0989891,0.102278
0.102087,0.103023,0.102694,0.0989997,0.0985626,0.0969486,0.0991966,0.0990594,0.0997645,0.0996641
0.103336,0.103015,0.102819,0.0979881,0.0980751,0.0960361,0.0994158,0.0969399,0.100404,0.101971
0.102644,0.103654,0.100683,0.0977369,0.0971551,0.0956653,0.0994368,0.0995077,0.101186,0.102331
0.099912,0.104302,0.102266,0.100345,0.0972705,0.094094,0.0988013,0.0985413,0.100873,0.103595
0.099943,0.103547,0.100888,0.100199,0.0975287,0.0944668,0.0994989,0.0982389,0.101537,0.104152
0.0989144,0.102584,0.101468,0.10163,0.09802,0.0947539,0.0988327,0.0983481,0.100754,0.104695
0.0989789,0.102019,0.10158,0.10184,0.0982493,0.0956969,0.0985857,0.0981668,0.100285,0.104599
0.0990957,0.101748,0.10126,0.101254,0.0988158,0.0970205,0.0986979,0.0983994,0.100134,0.103574
0.103429,0.101251,0.102226,0.0991679,0.0987296,0.0967353,0.0974399,0.101124,0.100823,0.0990733
0.0989952,0.10315,0.103965,0.102933,0.098199,0.0942434,0.0977648,0.0973578,0.0993718,0.104021
0.0991012,0.103579,0.103812,0.102298,0.0990234,0.093723,0.0962379,0.0975306,0.100082,0.104614
0.0999756,0.10557,0.107871,0.103016,0.099062,0.092246,0.0941964,0.0948982,0.0998928,0.103271
0.100538,0.105489,0.109211,0.102621,0.0996883,0.0924942,0.0951296,0.0934443,0.0989929,0.102391
0.0996098,0.104968,0.114666,0.104255,0.100522,0.0913114,0.0940536,0.089139,0.0985254,0.102951
0.0999147,0.106622,0.116965,0.106475,0.10017,0.0912952,0.0913709,0.0887191,0.0983409,0.100127
0.0999235,0.104574,0.114664,0.104275,0.101261,0.0926345,0.0951507,0.0896467,0.0971466,0.100724
0.100752,0.102206,0.109618,0.102817,0.101062,0.0946462,0.096566,0.0933727,0.0983487,0.100611
0.100212,0.10071,0.104619,0.101068,0.100433,0.0980123,0.0988473,0.0963637,0.0985556,0.101177
0.100511,0.101272,0.10341,0.100975,0.0993509,0.0977763,0.0976375,0.0977568,0.100467,0.100844
0.102782,0.10258,0.106518,0.100973,0.0977933,0.0957992,0.0950859,0.096674,0.100441,0.101354
0.101877,0.102648,0.103799,0.100292,0.098179,0.0980129,0.096753,0.0979476,0.100379,0.100112
0.101992,0.102386,0.0995123,0.0996475,0.096972,0.0992031,0.0988594,0.100063,0.100674,0.100691
0.100078,0.102058,0.103184,0.101405,0.0988546,0.0974431,0.0972122,0.0977168,0.100807,0.101241
0.0997071,0.101466,0.104269,0.101976,0.0994269,0.0968336,0.0968106,0.0969571,0.100776,0.101776
0.100953,0.100996,0.105309,0.101322,0.0993001,0.0965017,0.0974875,0.0965935,0.0990572,0.102479
0.0994966,0.100032,0.106209,0.104083,0.0999032,0.0972047,0.0966698,0.0961697,0.0989989,0.101233
0.101002,0.100762,0.102422,0.101243,0.0995379,0.0980985,0.100008,0.0971035,0.0990315,0.100791
0.0996157,0.101533,0.104402,0.102118,0.0986986,0.09891,0.0984858,0.0960742,0.0989652,0.101197
0.102233,0.100767,0.106531,0.100353,0.0982258,0.0987203,0.099374,0.0927784,0.0987187,0.102299
0.102273,0.100548,0.104487,0.100032,0.0971732,0.0989006,0.0987985,0.0953138,0.0997954,0.102678
0.102644,0.100299,0.107592,0.100737,0.0977965,0.0975921,0.0978028,0.0936507,0.0992008,0.102686
0.10218,0.099243,0.110522,0.101286,0.0997011,0.0957599,0.095984,0.094614,0.0985338,0.102177
0.102167,0.101848,0.10212,0.100277,0.100494,0.0958775,0.101003,0.0954814,0.10092,0.0998119
0.10461,0.1036,0.100443,0.09793,0.0986073,0.0955734,0.0997338,0.0985944,0.101612,0.0992962
0.104229,0.100724,0.100764,0.0985055,0.101348,0.0941464,0.0998084,0.09976,0.102616,0.0980986
0.10759,0.0995558,0.103274,0.0975264,0.101466,0.0936822,0.0974274,0.0994042,0.102166,0.0979078
0.108081,0.10026,0.101914,0.0963885,0.101852,0.0927979,0.0986644,0.10017,0.103707,0.0961661
0.107287,0.100847,0.100447,0.0977806,0.10031,0.0926153,0.0982104,0.102356,0.103697,0.0964507
0.108655,0.0999401,0.103266,0.0986776,0.100421,0.0923453,0.0953113,0.102856,0.102021,0.0965055
0.105221,0.102311,0.103309,0.0999252,0.0996149,0.093944,0.0965709,0.102038,0.101729,0.095337
0.109317,0.103301,0.103751,0.0976454,0.0988148,0.093273,0.0954645,0.102285,0.102579,0.0935684
0.107621,0.101422,0.102546,0.0973261,0.0982327,0.0955095,0.096066,0.102776,0.102118,0.0963833
0.107743,0.100705,0.103831,0.0981126,0.0987496,0.0946854,0.0945192,0.102537,0.100673,0.0984442
0.109438,0.101915,0.103436,0.0991966,0.0982026,0.093431,0.0952831,0.0980135,0.098266,0.102818
0.105839,0.100643,0.0998493,0.100626,0.0976663,0.0976319,0.0993983,0.100312,0.09948,0.0985547
0.106151,0.100985,0.101179,0.102722,0.096444,0.0981342,0.0989368,0.100489,0.0982359,0.0967245
0.102506,0.101413,0.10283,0.102403,0.0967234,0.0997496,0.0957011,0.10137,0.0991668,0.0981371
0.108909,0.103679,0.101822,0.10131,0.094302,0.100105,0.0957153,0.10144,0.0965916,0.0961261
0.106548,0.103441,0.1038,0.101825,0.0948064,0.100787,0.0932475,0.102695,0.0971808,0.0956688
0.105032,0.102208,0.105374,0.103531,0.0950875,0.0993871,0.0930381,0.102173,0.0980741,0.0960949
0.102719,0.10114,0.102441,0.103053,0.0959707,0.0988277,0.097123,0.101097,0.098891,0.098737
0.101993,0.103172,0.101739,0.100241,0.0972288,0.0970841,0.0956814,0.0999767,0.101019,0.101865
0.099719,0.1044,0.105153,0.102968,0.0987384,0.0970562,0.0952245,0.0980958,0.0991779,0.0994668
0.0987717,0.103472,0.104506,0.103358,0.0989674,0.0948004,0.0957482,0.0974225,0.0996514,0.103301
0.0993057,0.103977,0.104998,0.1032,0.0988183,0.0955849,0.0954301,0.0976349,0.0994449,0.101606
0.0984391,0.10602,0.113686,0.108053,0.0994489,0.0936071,0.0916455,0.0907505,0.0982426,0.100107
0.100599,0.105888,0.115776,0.105346,0.101799,0.0913327,0.0929419,0.0883989,0.0981114,0.0998073
0.0993305,0.107916,0.124486,0.108521,0.101905,0.0877105,0.0899436,0.0834805,0.0963137,0.100393
0.101329,0.106937,0.121541,0.104295,0.102304,0.0883797,0.093502,0.085125,0.0957625,0.100825
0.111269,0.0960993,0.136123,0.101257,0.104392,0.0779585,0.0863025,0.0852098,0.0944895,0.106899
0.11161,0.0947834,0.138046,0.101549,0.104898,0.0770447,0.0853898,0.0835731,0.0944114,0.108695
0.112538,0.0940931,0.131841,0.0999807,0.10213,0.0806852,0.0864699,0.0883898,0.0965121,0.10736
0.114549,0.0937553,0.138916,0.0996773,0.100858,0.0773292,0.0829678,0.0881476,0.0957355,0.108064
0.116466,0.0951408,0.134508,0.098419,0.100292,0.078987,0.0833448,0.0912272,0.096958,0.104657
0.112299,0.0938792,0.128819,0.0998305,0.103601,0.0811315,0.0877094,0.0903143,0.0966357,0.10578
0.109348,0.0967578,0.12371,0.100101,0.0990581,0.0860127,0.0879673,0.0944053,0.0974974,0.105142
0.102882,0.10034,0.106466,0.101326,0.0980716,0.0957063,0.0962817,0.0972452,0.0995142,0.102168
0.102659,0.10092,0.104099,0.100985,0.0997313,0.0963298,0.0995219,0.0959376,0.0988491,0.100967
0.102315,0.0995422,0.118718,0.104508,0.0996822,0.0922812,0.0925194,0.0896934,0.0970115,0.10373
0.0992187,0.100229,0.112726,0.10647,0.0994202,0.097534,0.0910133,0.0947574,0.0983774,0.100254
0.0995374,0.103016,0.103619,0.102311,0.0989857,0.0979931,0.0970912,0.0973955,0.0991104,0.10094
0.0992579,0.102632,0.102541,0.10145,0.0989867,0.097473,0.0983946,0.0982863,0.0989647,0.102014
0.10145,0.103027,0.105698,0.105055,0.0980019,0.0969005,0.0977028,0.0964732,0.0978568,0.0978348
0.104901,0.103349,0.106065,0.104314,0.0962488,0.0964518,0.0996336,0.0966495,0.0972511,0.0951366
0.107751,0.103368,0.103647,0.101316,0.096202,0.0968256,0.101428,0.0971422,0.0982247,0.094094
0.105737,0.104958,0.105321,0.101398,0.0957143,0.0967205,0.103068,0.0955444,0.0977325,0.0938063
0.101524,0.105582,0.109099,0.101692,0.0983039,0.0960614,0.100116,0.0918623,0.0968896,0.0988696
0.0982523,0.105896,0.105979,0.103418,0.0976188,0.0945488,0.0974146,0.0959435,0.0976763,0.103252
0.0985804,0.105586,0.104876,0.102603,0.0974349,0.0951778,0.0979687,0.0964664,0.0983114,0.102995
0.100849,0.104484,0.107176,0.101062,0.0985246,0.0954626,0.101013,0.0928813,0.0980979,0.100451
0.104069,0.104948,0.10976,0.0986335,0.100907,0.0939146,0.100356,0.0898574,0.0989831,0.0985722
0.106603,0.101071,0.112859,0.0988724,0.103197,0.0913666,0.0971863,0.0910139,0.0993793,0.0984515
0.107037,0.101442,0.114388,0.0991632,0.103404,0.0910428,0.096571,0.0895878,0.0997816,0.0975837
0.106017,0.101621,0.114858,0.100331,0.102676,0.0928079,0.0958368,0.0889001,0.0983992,0.0985523
0.102435,0.10451,0.113949,0.102774,0.101406,0.0939206,0.0960464,0.0884068,0.0975627,0.0989893
0.102966,0.103324,0.111109,0.101074,0.101695,0.094954,0.0967704,0.0909774,0.098746,0.0983846
0.107267,0.100961,0.113469,0.099871,0.102693,0.0908462,0.0943373,0.0917285,0.0990981,0.099728
0.10965,0.0994129,0.122815,0.100917,0.103018,0.086726,0.0899419,0.0889015,0.0963052,0.102313
0.109455,0.0993448,0.115861,0.0994422,0.102209,0.0880519,0.0930073,0.092495,0.0977267,0.102407
0.107049,0.0988095,0.113794,0.0993602,0.101023,0.0894789,0.0940516,0.0951883,0.097843,0.103403
0.105658,0.101161,0.10537,0.0994433,0.100556,0.0926462,0.0975944,0.0968838,0.098732,0.101955
0.105345,0.0993444,0.109152,0.0987659,0.0998049,0.0946317,0.0974733,0.094197,0.0981998,0.103086
0.110998,0.101117,0.104121,0.101824,0.0960272,0.0949447,0.10491,0.0929839,0.0962479,0.0968263
0.106817,0.101118,0.10399,0.101721,0.0974263,0.0967509,0.102997,0.0938766,0.0968493,0.0984538
0.106346,0.101275,0.104574,0.102692,0.0977307,0.0970119,0.10308,0.0924654,0.0963208,0.0985029
0.116,0.100424,0.113053,0.0992489,0.0981257,0.0886979,0.100444,0.0892742,0.0945559,0.100176
0.116033,0.0958953,0.12099,0.0960216,0.100534,0.0847139,0.0912582,0.0948396,0.098182,0.101533
0.117595,0.0970629,0.12296,0.0970216,0.0993133,0.0844931,0.0876162,0.097766,0.0970495,0.099122
0.114393,0.0957294,0.123983,0.0978309,0.102246,0.0825013,0.0901151,0.0938346,0.0975736,0.101793
0.126001,0.0927112,0.13367,0.0943211,0.101745,0.0748029,0.0821032,0.0967219,0.0968993,0.101024
0.127365,0.092116,0.142164,0.0953584,0.102776,0.0717538,0.0787763,0.0935392,0.0935891,0.102562
0.129257,0.0919242,0.137236,0.0941814,0.100836,0.0720573,0.079097,0.0923881,0.094905,0.108118
0.128186,0.0930956,0.120445,0.0922008,0.0998203,0.0765655,0.0836079,0.100271,0.103212,0.102596
0.120318,0.0941219,0.119475,0.0962223,0.101894,0.0795755,0.0875934,0.0962059,0.100651,0.103942
0.117237,0.0974699,0.11382,0.0979551,0.0998968,0.0856732,0.0858792,0.0998977,0.102343,0.099827
0.115852,0.0980237,0.119258,0.0996878,0.0998173,0.0844274,0.0840551,0.0972494,0.0999738,0.101656
0.123111,0.0966597,0.130453,0.0963612,0.0996836,0.0763248,0.0823543,0.0939479,0.0965382,0.104566
0.108573,0.0979646,0.110708,0.102412,0.0999176,0.0910576,0.0902003,0.100168,0.101097,0.0979018
0.104337,0.100694,0.104502,0.101134,0.0993689,0.0953485,0.0972453,0.0979603,0.0995162,0.0998947
0.100802,0.101996,0.103883,0.101339,0.0998209,0.0976642,0.0974955,0.0973343,0.0991119,0.100554
0.100074,0.10089,0.106649,0.104179,0.100995,0.0948292,0.0964479,0.0958822,0.0990936,0.10096
0.101179,0.100122,0.103975,0.10075,0.0998111,0.0965697,0.0980631,0.0977855,0.0993223,0.102422
0.101259,0.102068,0.104954,0.100851,0.0989861,0.0953782,0.0970007,0.0963287,0.0999947,0.103179
0.103127,0.101454,0.110048,0.101646,0.0997764,0.0931877,0.0944246,0.0964437,0.0984069,0.101486
0.104648,0.100485,0.11316,0.101603,0.100184,0.0903018,0.0930626,0.0956747,0.0976992,0.103182
0.104447,0.0999198,0.101998,0.0982651,0.0983506,0.0971176,0.0973863,0.10173,0.101329,0.0994574
0.0996068,0.100754,0.100567,0.100757,0.0993001,0.0982299,0.0995442,0.0993605,0.100151,0.10173
0.104164,0.100732,0.100347,0.0993034,0.0988222,0.0962331,0.0976588,0.101907,0.100651,0.100182
0.106914,0.101546,0.103734,0.0987878,0.0985607,0.0943846,0.0952999,0.101691,0.0994641,0.0996193
0.103066,0.102956,0.102641,0.099382,0.0977488,0.0985004,0.0972938,0.100059,0.0999042,0.0984498
0.111205,0.103616,0.103715,0.0978514,0.0965895,0.0921515,0.0930746,0.103149,0.100619,0.0980292
0.106188,0.103258,0.101618,0.0992517,0.0978913,0.0951462,0.0963311,0.10133,0.100235,0.0987512
0.1136,0.102751,0.107582,0.0985322,0.098787,0.0878757,0.0915786,0.102107,0.098869,0.0983178
0.105615,0.0986617,0.106837,0.0995857,0.100162,0.0928798,0.0952139,0.0988144,0.0997262,0.102504
0.105395,0.0961218,0.117926,0.100298,0.0998329,0.0907361,0.0926137,0.0927353,0.0988568,0.105484
0.101328,0.0997678,0.108543,0.102185,0.0988382,0.095624,0.0957584,0.0956039,0.0995465,0.102805
0.101398,0.100032,0.10818,0.101657,0.10053,0.0958613,0.097479,0.0941512,0.0984505,0.102262
0.104125,0.101032,0.108111,0.100507,0.0989423,0.0943605,0.0965883,0.0948322,0.0976937,0.103808
0.103173,0.102209,0.106693,0.099711,0.0994601,0.0951369,0.0987439,0.0937124,0.0973705,0.10379
0.103886,0.103106,0.10754,0.0992458,0.0991857,0.0965468,0.0974984,0.0943985,0.0975141,0.101079
0.100243,0.104235,0.105652,0.101067,0.0991423,0.0952007,0.0974184,0.0951572,0.0986122,0.103272
0.102076,0.1031,0.10552,0.101855,0.0976196,0.09488,0.100244,0.0948881,0.0974259,0.102391
0.100553,0.105263,0.105595,0.101945,0.0967053,0.091964,0.0979942,0.0948362,0.0992781,0.105866
0.105689,0.102461,0.104004,0.101551,0.0960389,0.0946849,0.101381,0.096543,0.09689,0.100757
0.100739,0.101835,0.102829,0.103018,0.0974093,0.099853,0.0991863,0.0981578,0.0978754,0.0990975
0.101784,0.103254,0.103917,0.103725,0.0967232,0.0951918,0.101443,0.0960015,0.0974336,0.100526
0.101462,0.103809,0.102973,0.103291,0.0962477,0.0936871,0.100879,0.0961718,0.0987526,0.102726
0.0988736,0.102238,0.102234,0.104258,0.0981727,0.0967019,0.0979111,0.0980538,0.0996553,0.101902
0.100278,0.101619,0.103047,0.104416,0.0983175,0.0983715,0.098206,0.0984399,0.0988784,0.0984257
0.100231,0.101816,0.103592,0.104886,0.0982598,0.0981785,0.0977025,0.0982439,0.0987957,0.0982943
0.100248,0.1007,0.10108,0.10207,0.0985603,0.0988134,0.0995975,0.0993435,0.0997873,0.0997998
0.0995649,0.101239,0.101259,0.101655,0.0985935,0.0972481,0.0989587,0.099087,0.100224,0.102171
0.0993743,0.101148,0.101282,0.101461,0.0991239,0.0975501,0.0990561,0.0993316,0.100077,0.101596
0.099532,0.100787,0.101171,0.101958,0.098684,0.0976546,0.099372,0.0994478,0.100164,0.101229
0.0990593,0.100777,0.100825,0.101245,0.0996069,0.0979634,0.0994699,0.0997042,0.100102,0.101247
0.0996919,0.100503,0.101124,0.100627,0.0999159,0.0991701,0.0995736,0.0996091,0.0996248,0.100162
0.102101,0.101262,0.102487,0.101356,0.0977871,0.10021,0.0973132,0.100831,0.0986587,0.097994
0.101404,0.101336,0.101747,0.100467,0.0990108,0.0999465,0.0976676,0.100051,0.0995267,0.0988431
0.100277,0.100256,0.100918,0.100402,0.0999143,0.0994114,0.0990368,0.100042,0.10007,0.0996726
0.112801,0.0958937,0.113484,0.0966487,0.100009,0.0883365,0.0914415,0.0988561,0.099344,0.103186
0.110407,0.0977115,0.107465,0.0977037,0.100653,0.0900243,0.0945793,0.0986919,0.0998629,0.102901
0.112636,0.100269,0.105353,0.0981823,0.0985468,0.0902199,0.0927741,0.10013,0.0996485,0.102241
0.124169,0.0937361,0.121523,0.095731,0.100629,0.0789684,0.0855993,0.094079,0.0987331,0.106832
0.118397,0.0940146,0.124124,0.0992448,0.0997591,0.0839607,0.0839447,0.093226,0.0990572,0.104272
0.102178,0.101276,0.106741,0.104331,0.100071,0.0967777,0.0925568,0.0976403,0.0993264,0.0991027
0.107622,0.0970096,0.115006,0.103851,0.102546,0.0920034,0.0872172,0.0941704,0.0976869,0.102887
0.110238,0.0957726,0.11984,0.102922,0.101977,0.0895324,0.0854241,0.0928782,0.0971739,0.104242
0.105553,0.0993208,0.109427,0.101326,0.101055,0.095141,0.0912592,0.0972037,0.0996468,0.100067
0.103131,0.101245,0.107009,0.101904,0.10019,0.0966908,0.0924808,0.0983515,0.100751,0.0982463
0.0969318,0.107155,0.108563,0.10804,0.0978002,0.0920703,0.0915044,0.0954191,0.0989416,0.103574
0.0985557,0.106169,0.107934,0.106072,0.0987251,0.0933984,0.0932737,0.095645,0.0990502,0.101177
0.100073,0.104029,0.107002,0.10309,0.100585,0.0938116,0.0956667,0.0955026,0.0996658,0.100574
0.0998884,0.104135,0.104374,0.102241,0.0985845,0.0913202,0.0970066,0.0968295,0.100661,0.10496
0.099062,0.103514,0.101425,0.101666,0.0980748,0.0926742,0.0984994,0.0980673,0.10139,0.105627
0.103808,0.0990221,0.100013,0.0990695,0.0998211,0.0949662,0.0982706,0.101757,0.101927,0.101346
0.106194,0.10084,0.102447,0.0985983,0.0989,0.0950472,0.09612,0.102099,0.101014,0.09874
0.100496,0.102351,0.102064,0.100659,0.0993322,0.0959511,0.0988697,0.0991669,0.100324,0.100787
0.105725,0.100568,0.100338,0.0974847,0.0984895,0.0970039,0.097874,0.102518,0.101661,0.0983377
0.109954,0.0997397,0.104826,0.0983091,0.0980143,0.0924949,0.0931437,0.10327,0.100815,0.099434
0.116755,0.0969516,0.111383,0.0967802,0.0983945,0.0850045,0.0893901,0.103393,0.101337,0.100609
0.106325,0.101215,0.106595,0.100382,0.0985717,0.0916129,0.0950996,0.0977619,0.101493,0.100945
0.0999376,0.103407,0.105186,0.103098,0.0980886,0.0956076,0.0960779,0.0970541,0.100765,0.100779
0.0995348,0.103987,0.105067,0.103173,0.0989694,0.0947828,0.0971282,0.0963864,0.0988811,0.102091
0.0991225,0.105097,0.107354,0.104351,0.0989681,0.0939046,0.096116,0.0943819,0.0980307,0.102674
0.0996823,0.104342,0.107175,0.10399,0.0983985,0.09464,0.0960417,0.0946159,0.0994419,0.101673
0.0999029,0.103989,0.107448,0.103852,0.0986202,0.0945976,0.0957395,0.0949968,0.100091,0.100763
0.100685,0.105239,0.110981,0.104883,0.0982762,0.0924969,0.0935871,0.093205,0.100723,0.0999231
0.1015,0.10263,0.109646,0.102857,0.0989904,0.0923616,0.0953823,0.0948455,0.100779,0.101009
0.100818,0.104722,0.109701,0.103219,0.0989842,0.0937705,0.0953258,0.0933639,0.0997854,0.10031
0.100451,0.104771,0.107209,0.102735,0.0991085,0.0954132,0.0953138,0.0952441,0.0992367,0.100518
0.0986885,0.103796,0.108844,0.105592,0.0985517,0.0971619,0.093262,0.094899,0.0995861,0.0996187
0.0984699,0.103079,0.107354,0.104776,0.0988612,0.097755,0.0944709,0.0954386,0.0994813,0.100314
0.101365,0.0993686,0.127004,0.107282,0.0997892,0.091405,0.085203,0.0882667,0.0963337,0.103983
0.113274,0.0953466,0.127305,0.0982284,0.0986376,0.0847605,0.0855802,0.0934946,0.0981496,0.105223
0.107364,0.102236,0.104182,0.0978379,0.0977702,0.0967336,0.0946983,0.0999836,0.0995827,0.099612
0.105539,0.102901,0.107515,0.101087,0.0994813,0.0945984,0.0931262,0.0975727,0.0990587,0.099122
0.109357,0.101325,0.102165,0.099183,0.0967972,0.0964511,0.0955682,0.101876,0.0998582,0.0974187
0.108416,0.100982,0.102656,0.100553,0.0966113,0.0970569,0.0952127,0.102088,0.0999561,0.0964678
0.105058,0.101027,0.101974,0.102788,0.0968608,0.0985232,0.0974362,0.100667,0.0988545,0.0968118
0.106341,0.101322,0.100136,0.0975728,0.0971684,0.0987636,0.0992856,0.100807,0.10062,0.0979841
0.102262,0.10305,0.102013,0.0983096,0.0988292,0.0976193,0.100199,0.0976351,0.100327,0.0997552
0.104827,0.103406,0.100778,0.0974537,0.0979687,0.0924387,0.100477,0.0963922,0.100852,0.105407
0.105704,0.103134,0.10009,0.0969315,0.0955473,0.0937307,0.0987168,0.101,0.101902,0.103243
0.105701,0.103445,0.0997834,0.0969884,0.0954254,0.0929184,0.0997604,0.0995588,0.101598,0.104822
0.111709,0.099941,0.0997301,0.0944768,0.0973645,0.0895914,0.0965721,0.104113,0.101298,0.105204
0.112609,0.0987185,0.101791,0.0957236,0.0976726,0.0893068,0.093354,0.107603,0.10094,0.102282
0.110842,0.0993977,0.0997279,0.0980224,0.0990037,0.0911635,0.0954325,0.102987,0.100499,0.102924
0.111616,0.098843,0.101442,0.0956138,0.0974291,0.0913239,0.0942815,0.104757,0.100744,0.10395
0.114485,0.0983429,0.110065,0.0980489,0.100243,0.0881189,0.0895172,0.100137,0.0983368,0.102705
0.115103,0.102031,0.105834,0.0985784,0.097863,0.0901943,0.0914205,0.096796,0.0969052,0.105275
0.110547,0.102053,0.103428,0.0996073,0.0968568,0.0959298,0.0930423,0.0989391,0.0990734,0.100523
0.110122,0.1012,0.104395,0.0965328,0.0976419,0.093928,0.093188,0.101839,0.101085,0.100069
0.105722,0.101878,0.105306,0.099788,0.0993802,0.0960623,0.0940266,0.0984549,0.100534,0.0988483
0.100642,0.103248,0.10563,0.103494,0.0995374,0.0968809,0.0954532,0.0972943,0.0995779,0.0982422
0.0999479,0.101298,0.102542,0.102549,0.0988773,0.0968647,0.0984887,0.0988887,0.100127,0.100416
0.0993673,0.10223,0.102173,0.10163,0.0989943,0.0968936,0.0979542,0.0985507,0.0999562,0.10225
0.0992178,0.103061,0.103589,0.101682,0.0983124,0.0957176,0.0983683,0.0977644,0.0991538,0.103134
0.0988121,0.103533,0.105326,0.102451,0.0981441,0.096227,0.099487,0.0964183,0.0976465,0.101956
0.0996086,0.102963,0.105939,0.102428,0.0989294,0.0944093,0.0997214,0.0953352,0.0977741,0.102892
0.102306,0.10295,0.109128,0.100736,0.100401,0.0928956,0.0982785,0.0924145,0.0971651,0.103725
0.104186,0.101481,0.108774,0.100593,0.100074,0.0906302,0.0975246,0.0947946,0.0982015,0.103741
0.105396,0.104511,0.108197,0.0996944,0.0981404,0.0907235,0.0952084,0.0949462,0.0988116,0.10437
0.103992,0.104524,0.107088,0.0997379,0.0976289,0.0907556,0.0947293,0.0953884,0.100218,0.105937
0.109163,0.105663,0.109218,0.0992262,0.0951502,0.0902385,0.0911574,0.0975031,0.0996944,0.102987
0.104737,0.106805,0.10852,0.102139,0.0957468,0.0945836,0.0910004,0.0970747,0.0987603,0.100633
0.102519,0.106131,0.106876,0.10337,0.0956837,0.0939093,0.0939096,0.096272,0.0995718,0.101757
0.10179,0.105209,0.105818,0.103148,0.0961632,0.095856,0.0940049,0.0972261,0.0997029,0.101082
0.101166,0.103308,0.105982,0.104613,0.0968488,0.0975047,0.0951468,0.0986244,0.0988361,0.0979702
0.103488,0.103729,0.105673,0.102834,0.0970024,0.0977519,0.0942646,0.0986865,0.0996139,0.0969567
0.101628,0.103608,0.10527,0.10363,0.0975463,0.0985359,0.0943221,0.0984327,0.0993277,0.097699
0.104674,0.102721,0.104417,0.1035,0.0965287,0.0980505,0.0954749,0.0994929,0.0989178,0.0962222
0.105462,0.101841,0.100758,0.099236,0.0959657,0.0965612,0.0994072,0.100667,0.100466,0.0996367
0.101199,0.102191,0.100582,0.0990188,0.0981954,0.0966333,0.0997528,0.0997108,0.10086,0.101856
0.103172,0.101546,0.10166,0.098947,0.0994546,0.0958443,0.0983826,0.101275,0.100392,0.0993266
0.100189,0.102332,0.1042,0.100505,0.0999904,0.0974612,0.0990916,0.0968913,0.0984216,0.100917
0.101257,0.103278,0.108057,0.100507,0.101468,0.0930937,0.0971845,0.0949174,0.0989361,0.101301
0.105667,0.102123,0.110133,0.101449,0.101019,0.0912071,0.0917828,0.0958066,0.101999,0.0988146
0.116429,0.0967286,0.114554,0.0978431,0.0990814,0.0881448,0.0855222,0.100676,0.0988544,0.102166
0.121943,0.095749,0.1187,0.0958748,0.0997203,0.0830757,0.0836936,0.100501,0.097952,0.10279
0.118395,0.0952977,0.117146,0.096642,0.100668,0.0843004,0.0858828,0.100225,0.0981208,0.103322
0.112026,0.0964841,0.115636,0.0992956,0.102675,0.0858997,0.0907704,0.0950379,0.0991691,0.103006
0.107363,0.097158,0.122912,0.107352,0.103578,0.0861543,0.0871296,0.089864,0.0966259,0.101863
0.109965,0.0962822,0.129207,0.105214,0.105951,0.0816263,0.085425,0.0863952,0.0942186,0.105715
0.108747,0.0966295,0.11745,0.10455,0.102336,0.0884677,0.0904342,0.0927573,0.0969452,0.101682
0.106324,0.0970696,0.12171,0.103686,0.102769,0.0886568,0.0884161,0.0900772,0.0961709,0.105121
0.104294,0.0979045,0.11409,0.101782,0.101028,0.0919256,0.0930153,0.0929852,0.098359,0.104616
0.107397,0.096797,0.107808,0.0989594,0.101581,0.0913613,0.0958454,0.0966784,0.100939,0.102634
0.104491,0.0993855,0.105104,0.100171,0.0977659,0.0950785,0.0962406,0.098399,0.100378,0.102988
0.100591,0.100814,0.101109,0.100728,0.0991583,0.0986116,0.0990661,0.0990003,0.0997879,0.101132
0.101431,0.101106,0.100216,0.0999598,0.0988418,0.0987877,0.0999341,0.0988858,0.0998045,0.101033
0.101816,0.100798,0.0991309,0.100992,0.0989791,0.0978743,0.101077,0.0988383,0.100155,0.100339
0.101615,0.101026,0.100311,0.101569,0.0989327,0.0976127,0.100887,0.098853,0.0996559,0.0995378
0.102201,0.100515,0.100305,0.100523,0.0990854,0.098608,0.0989112,0.100273,0.0999696,0.0996101
0.103856,0.10024,0.100764,0.0988882,0.0989404,0.0974778,0.098149,0.101452,0.100973,0.099259
0.10829,0.101277,0.102793,0.0983608,0.0973375,0.0942721,0.0952707,0.102466,0.101166,0.0987665
0.106775,0.0995435,0.102452,0.09784,0.0983194,0.0960702,0.0960685,0.102798,0.101409,0.0987237
0.100504,0.101155,0.101622,0.101587,0.0989804,0.0970859,0.0992277,0.0991737,0.100232,0.100431
0.100094,0.101509,0.101629,0.10121,0.0990136,0.0968897,0.0991287,0.0991002,0.100296,0.101129
0.0999787,0.101705,0.100726,0.100586,0.0990398,0.0952518,0.099667,0.098005,0.100504,0.104537
0.103423,0.101775,0.100938,0.102816,0.0967884,0.0957766,0.0996346,0.0988519,0.0998388,0.100158
0.0992431,0.10355,0.101646,0.102658,0.0973179,0.0911993,0.0996548,0.0964544,0.100705,0.107571
0.0987532,0.104158,0.102081,0.102774,0.0972093,0.0899383,0.0992662,0.0957674,0.100815,0.109238
0.101248,0.103218,0.103353,0.104325,0.0974529,0.0936628,0.0983312,0.0971035,0.0998788,0.101427
0.100769,0.103667,0.105715,0.105272,0.0971188,0.0937929,0.0960207,0.0969444,0.0997548,0.100945
0.0980619,0.105861,0.106963,0.105945,0.0966382,0.0922818,0.0925054,0.096199,0.0998494,0.105695
0.0999346,0.105181,0.107154,0.10497,0.0973175,0.0952307,0.0938244,0.0966614,0.0987801,0.100946
0.100475,0.103254,0.105325,0.103611,0.0982771,0.0967794,0.0956802,0.0976459,0.099278,0.0996744
0.100637,0.103051,0.105412,0.104414,0.0976373,0.0979777,0.0962474,0.0977374,0.0984947,0.0983907
0.102552,0.101651,0.103742,0.104315,0.0977546,0.0976932,0.0982963,0.0983194,0.0985589,0.0971172
0.1067,0.0998486,0.104858,0.0978286,0.0995727,0.0947236,0.0967872,0.0991573,0.099961,0.100564
0.119403,0.0974687,0.111916,0.0939948,0.0982531,0.0852191,0.0888834,0.10527,0.101238,0.0983548
0.122545,0.0976926,0.113574,0.0928771,0.0983155,0.0827613,0.0887812,0.103219,0.101232,0.0990022
0.113369,0.0988417,0.105558,0.0950347,0.0984539,0.0896237,0.0935933,0.103505,0.102166,0.0998552
0.118987,0.0994344,0.106268,0.0935898,0.0959235,0.0881106,0.0900859,0.107734,0.103058,0.0968091
0.112666,0.100155,0.104442,0.0958635,0.096524,0.0922942,0.0926602,0.105514,0.102203,0.0976785
0.104128,0.101484,0.101773,0.0995356,0.0992782,0.0972512,0.0973258,0.10046,0.10109,0.0976741
0.107871,0.100088,0.103091,0.0987711,0.0989156,0.0940215,0.0952539,0.102164,0.100815,0.0990095
0.105717,0.101489,0.100716,0.0989368,0.0990149,0.0949356,0.0979611,0.100823,0.101882,0.0985245
0.105701,0.0994515,0.104973,0.0993881,0.0988567,0.094029,0.0968793,0.0991229,0.101065,0.100533
0.102374,0.100104,0.0999407,0.0989662,0.0994624,0.0981081,0.0994868,0.100986,0.101113,0.099458
0.102794,0.100165,0.100345,0.0988084,0.0992165,0.0982318,0.0989407,0.101189,0.100862,0.0994483
0.106413,0.101855,0.100669,0.0985525,0.0978274,0.0956852,0.0969337,0.10218,0.101541,0.0983437
0.107794,0.101303,0.104418,0.0981364,0.099075,0.0935485,0.0961313,0.100906,0.10075,0.0979377
0.11028,0.102873,0.105305,0.0985812,0.0986844,0.0911346,0.0938509,0.101161,0.100151,0.0979791
0.113667,0.10591,0.10828,0.0972564,0.096514,0.0896547,0.0915194,0.100985,0.0988538,0.0973597
0.114796,0.102381,0.112401,0.0979417,0.0983004,0.0869094,0.0888294,0.101872,0.0974956,0.0990747
0.111457,0.100438,0.110925,0.0974173,0.0998792,0.0892097,0.091193,0.101032,0.0989179,0.0995308
0.112467,0.0982029,0.10883,0.096452,0.0999768,0.0860171,0.0914315,0.103481,0.100942,0.102199
0.110623,0.0989566,0.103314,0.0965353,0.0981719,0.0890302,0.0934109,0.106084,0.10184,0.102034
0.106908,0.100813,0.0988055,0.0969328,0.0990169,0.0922436,0.100863,0.0985838,0.0998742,0.105959
0.108528,0.100395,0.107376,0.0966599,0.0997501,0.0908558,0.0972111,0.0959846,0.0999104,0.103329
0.106428,0.10252,0.104914,0.0973862,0.0985897,0.0921221,0.0990386,0.0936556,0.0998769,0.105469
0.105396,0.101345,0.102711,0.0981405,0.100297,0.0912908,0.10117,0.0936313,0.0991888,0.10683
0.101817,0.103517,0.109672,0.0999439,0.10055,0.0939289,0.0978885,0.0918044,0.0968162,0.104063
0.103329,0.104823,0.11431,0.101216,0.100634,0.090959,0.095491,0.0895321,0.0960309,0.103676
0.108808,0.102456,0.114004,0.0982715,0.100099,0.0900449,0.0949152,0.0912482,0.0974158,0.102738
0.106477,0.101396,0.101311,0.0977621,0.100945,0.0922061,0.101895,0.0939797,0.0995934,0.104435
0.104501,0.102931,0.102459,0.0995711,0.0976962,0.094238,0.101231,0.0948432,0.0986727,0.103857
0.104587,0.101477,0.104626,0.09855,0.0990354,0.0939282,0.0980749,0.0967318,0.0996829,0.103307
0.105108,0.101783,0.103471,0.0976487,0.0983322,0.0942666,0.0982326,0.0975302,0.100458,0.103169
0.105112,0.101777,0.101552,0.0973802,0.0978079,0.0958575,0.0981167,0.100977,0.100702,0.100717
0.104623,0.101921,0.101831,0.0980133,0.0982176,0.0960028,0.0972682,0.101074,0.101075,0.0999751
0.103517,0.102393,0.100308,0.0980052,0.097224,0.0968236,0.0983369,0.100466,0.101503,0.101423
0.100964,0.101836,0.0993243,0.0992019,0.0980784,0.0945974,0.100057,0.0998793,0.101844,0.104217
0.0993974,0.102196,0.101403,0.101831,0.0975371,0.0951783,0.0991016,0.0983945,0.100717,0.104244
0.0984589,0.103448,0.102773,0.103228,0.0967481,0.0918565,0.0979573,0.0972449,0.100694,0.107591
0.0981536,0.104575,0.105129,0.103917,0.0981136,0.0955698,0.0961993,0.0966392,0.0985415,0.103163
0.0978384,0.105065,0.107831,0.105648,0.0983665,0.095384,0.0956809,0.0951947,0.0971449,0.101846
0.0993184,0.102758,0.104445,0.10258,0.0990974,0.098077,0.0981695,0.0968573,0.0982559,0.100441
0.0986034,0.104095,0.106778,0.104391,0.0988739,0.0962987,0.096408,0.0959578,0.0977034,0.10089
0.0989722,0.103524,0.105232,0.103326,0.0988384,0.0973752,0.0973557,0.0964412,0.0979957,0.10094
0.0987135,0.103323,0.103768,0.103415,0.0984727,0.0963509,0.0967693,0.0972869,0.0992226,0.102679
0.0988601,0.10281,0.103902,0.10315,0.0992213,0.0974691,0.0969855,0.0975943,0.0988192,0.101189
0.0996748,0.102532,0.10312,0.102028,0.0992351,0.0984433,0.0972872,0.097747,0.0993564,0.100576
0.0998637,0.10192,0.106311,0.104079,0.0986995,0.095699,0.0955316,0.0961744,0.10006,0.101661
0.104033,0.0983151,0.112645,0.102125,0.0993442,0.092525,0.0936609,0.0944718,0.0994759,0.103404
0.0997939,0.101277,0.106887,0.102219,0.100916,0.0949498,0.0975183,0.0952846,0.0989435,0.102212
0.102274,0.10018,0.10188,0.0994669,0.0993997,0.0979321,0.0981327,0.100704,0.100022,0.100009
0.100973,0.100846,0.0999543,0.10026,0.0995266,0.0983707,0.100595,0.0984966,0.0999155,0.101062
0.107235,0.0994044,0.106942,0.0998793,0.101293,0.0938053,0.095201,0.0966793,0.098064,0.101496
0.104987,0.101767,0.105491,0.100526,0.101526,0.0943576,0.0996684,0.0918106,0.0981803,0.101686
0.110821,0.0978274,0.124726,0.100165,0.102424,0.085743,0.0885924,0.092793,0.0948189,0.102089
0.118117,0.095592,0.132148,0.0986983,0.104822,0.0786002,0.082789,0.0935121,0.0942268,0.101494
0.108417,0.102282,0.107161,0.0979546,0.0994505,0.092653,0.0966963,0.0960893,0.0970656,0.10223
0.109332,0.104054,0.100699,0.0982607,0.0986781,0.0921846,0.104018,0.0917979,0.0975386,0.103437
0.110196,0.101476,0.109175,0.0991781,0.101698,0.087402,0.0963375,0.0933008,0.0954797,0.105758
0.10636,0.102709,0.103792,0.100064,0.0999873,0.0933046,0.101753,0.0931613,0.0967016,0.102167
0.107661,0.0987245,0.124326,0.102525,0.103899,0.0850833,0.0925691,0.0869104,0.094185,0.104117
0.0996621,0.10319,0.115941,0.10441,0.102653,0.0908235,0.0953885,0.0886742,0.0972307,0.102027
0.101724,0.103483,0.12628,0.106694,0.103099,0.0861423,0.0907732,0.0839605,0.0948153,0.103028
0.0980886,0.10555,0.120099,0.107611,0.102718,0.0898553,0.0916365,0.0858601,0.0966174,0.101965
0.0982408,0.104869,0.118723,0.108461,0.100357,0.092202,0.0912143,0.0877468,0.0976622,0.100524
0.0987401,0.104922,0.110916,0.105181,0.100491,0.0936578,0.0942318,0.092281,0.0977932,0.101786
0.0991082,0.103284,0.108901,0.104421,0.100491,0.0947344,0.0958039,0.0933423,0.098389,0.101525
0.0993456,0.102122,0.103018,0.101233,0.0992845,0.0969387,0.0986385,0.0965686,0.0993766,0.103474
0.0991184,0.102382,0.105022,0.102047,0.0996713,0.095607,0.0978274,0.0951116,0.099225,0.103988
0.0996483,0.102193,0.103296,0.101098,0.0992635,0.0972646,0.0984947,0.0963294,0.0994501,0.102963
0.100784,0.10046,0.101462,0.100806,0.0999086,0.0984201,0.0996953,0.099328,0.0995503,0.099586
0.102632,0.101551,0.101885,0.100211,0.099069,0.0989415,0.100048,0.0977064,0.0981998,0.0997573
0.102599,0.10017,0.101364,0.0995176,0.0993976,0.0981851,0.0983583,0.100473,0.0999384,0.0999959
0.10813,0.100819,0.104754,0.0984637,0.0973321,0.0932438,0.094366,0.102571,0.100743,0.0995775
0.106576,0.101135,0.102412,0.0986647,0.0975897,0.0951742,0.0958643,0.102307,0.101171,0.0991067
0.105191,0.100655,0.101386,0.0988563,0.0984209,0.0964136,0.0970932,0.101923,0.100944,0.0991159
0.106844,0.103546,0.100113,0.0985772,0.096999,0.0946078,0.0971056,0.102025,0.102282,0.097901
0.107116,0.103289,0.101563,0.0985074,0.0965965,0.0948105,0.0962466,0.101611,0.10147,0.0987899
0.101111,0.101825,0.102134,0.100514,0.0994203,0.0967938,0.09844,0.0993904,0.1006,0.0997716
0.106739,0.102331,0.102732,0.0977249,0.0988447,0.0954434,0.0963689,0.100275,0.102508,0.0970336
0.110089,0.101746,0.102686,0.0960145,0.0971902,0.0948556,0.0953032,0.10352,0.103041,0.0955546
0.106296,0.102158,0.104674,0.102015,0.0968574,0.0975167,0.0943424,0.101455,0.0993976,0.0952878
0.102447,0.103494,0.106038,0.103362,0.0986252,0.0959664,0.0956753,0.0976169,0.100142,0.0966334
0.101934,0.103743,0.107875,0.108043,0.0970056,0.0956898,0.0951205,0.0961884,0.0983053,0.0960946
0.10318,0.10303,0.106605,0.105593,0.0975233,0.097154,0.0946305,0.098046,0.0985658,0.0956733
0.102517,0.102423,0.104805,0.10366,0.0984086,0.0977908,0.0958897,0.0983124,0.0991452,0.0970473
0.101076,0.104539,0.107666,0.104946,0.0981245,0.0976743,0.0931929,0.0968447,0.0987649,0.0971706
0.100351,0.104358,0.105596,0.103138,0.0993216,0.0960749,0.0938604,0.0970496,0.0998972,0.100353
0.109805,0.0979208,0.107476,0.0994607,0.100393,0.0902596,0.0959112,0.0982746,0.100905,0.0995942
0.108683,0.0988168,0.1174,0.100276,0.100697,0.0904317,0.0913169,0.0935242,0.0972921,0.101563
0.10528,0.0995171,0.111015,0.100621,0.101538,0.0932044,0.0949775,0.095077,0.0987029,0.100067
0.105061,0.0992691,0.117032,0.100965,0.100622,0.0913938,0.0929777,0.0936184,0.0972064,0.101855
0.104961,0.0995541,0.117702,0.101348,0.0999121,0.0937379,0.0920908,0.0921622,0.0959008,0.102631
0.102212,0.0995506,0.106256,0.100126,0.100245,0.0954362,0.0973555,0.0981552,0.0990212,0.101641
0.102708,0.0994527,0.104019,0.0999281,0.100331,0.0951299,0.0982863,0.0981618,0.099696,0.102287
0.105116,0.0993578,0.110379,0.100437,0.101998,0.0919519,0.0965197,0.095058,0.097084,0.102099
0.108337,0.0989416,0.111583,0.0988385,0.0988899,0.0918715,0.0927503,0.099637,0.0981875,0.100964
0.114075,0.09986,0.111969,0.0972929,0.0987439,0.0880546,0.0900406,0.101829,0.098692,0.0994431
0.104619,0.101762,0.101928,0.0987173,0.0971885,0.0965859,0.0973598,0.10049,0.101675,0.0996739
0.0999316,0.101872,0.102169,0.100665,0.0991703,0.0995715,0.0991869,0.0989158,0.098951,0.099567
0.100956,0.101953,0.102451,0.10012,0.0990758,0.0988271,0.0988261,0.0994974,0.0991926,0.0991011
0.106087,0.100656,0.107079,0.0984097,0.0995406,0.0950184,0.0948917,0.0998185,0.0993622,0.0991372
0.103333,0.102013,0.103676,0.0993333,0.0988771,0.0994824,0.0963139,0.0991188,0.0996026,0.0982502
0.102889,0.10133,0.106487,0.100011,0.100199,0.0969457,0.09669,0.0974796,0.0990628,0.0989048
0.100159,0.102768,0.104965,0.10161,0.0996971,0.096679,0.0980681,0.097001,0.0985988,0.100454
0.104895,0.104829,0.104084,0.0993194,0.0976361,0.0943535,0.09641,0.100592,0.100463,0.0974171
0.103419,0.10533,0.104003,0.101172,0.0974766,0.0937702,0.0968486,0.0989298,0.10024,0.0988106
0.101165,0.103359,0.102991,0.101485,0.0986325,0.0954335,0.0981187,0.0988375,0.099552,0.100426
