0,1,2,3,4,5,6,7,8,9
0.0198354,0.0481828,0.0610021,0.0895333,0.291186,0.0392762,0.0400624,0.115951,0.233548,0.0614221
0.0455456,0.0746356,0.0988699,0.0791475,0.254288,0.0447164,0.0616466,0.12594,0.14749,0.067721
0.0337753,0.0435321,0.0766147,0.0210334,0.505006,0.0833079,0.0133981,0.115962,0.0852115,0.0221591
0.00425654,0.0148534,0.0213045,0.00575053,0.862476,0.0205642,0.00119862,0.0512303,0.0145492,0.00381617
0.0250872,0.0445107,0.0593545,0.0247024,0.597521,0.0521869,0.0113056,0.098517,0.0667103,0.0201049
0.07772,0.170334,0.0535069,0.195901,0.16688,0.176008,0.0343402,0.0323788,0.03415,0.0587811
0.109478,0.132595,0.0726828,0.0630958,0.150025,0.270004,0.0177687,0.0707906,0.0407941,0.0727662
0.0900404,0.10908,0.049973,0.0395012,0.163787,0.289606,0.0140416,0.139348,0.0345739,0.0700478
0.0594058,0.0669442,0.131261,0.125996,0.169959,0.103678,0.0215222,0.162579,0.0935275,0.065128
0.0512734,0.0485327,0.204315,0.107482,0.0952739,0.103331,0.0450488,0.0921653,0.171353,0.081225
0.0517174,0.0557356,0.126479,0.111141,0.141457,0.0955285,0.0368112,0.117959,0.137432,0.12574
0.0385273,0.0738583,0.0875034,0.0563294,0.379452,0.0734874,0.0274544,0.104814,0.101488,0.0570852
0.0486468,0.0430684,0.14706,0.104306,0.203303,0.0728543,0.0523458,0.113897,0.151553,0.0629666
0.0554829,0.091163,0.112986,0.0887351,0.191498,0.0984147,0.0571422,0.116398,0.0705798,0.117601
0.0774176,0.0841706,0.111678,0.129948,0.264325,0.141675,0.0201399,0.0460589,0.0595986,0.0649889
0.0160307,0.0286804,0.0731023,0.120734,0.524617,0.0147443,0.0146363,0.0852789,0.0714719,0.0507038
0.023719,0.0482873,0.102263,0.125029,0.399924,0.0178583,0.0172133,0.0856618,0.140304,0.0397401
0.0653798,0.0956492,0.0795964,0.122848,0.31871,0.0813013,0.0402228,0.0432934,0.0853362,0.0676629
0.0419195,0.0754098,0.0272221,0.0604593,0.68089,0.01952,0.0199726,0.0135087,0.0463046,0.0147937
0.038253,0.092102,0.0400223,0.0685886,0.531592,0.0308301,0.0186256,0.0698836,0.0833833,0.0267191
0.0396749,0.0889184,0.0279615,0.0756639,0.63114,0.0277459,0.0317479,0.0147381,0.0460611,0.0163481
0.00166557,0.018943,0.00355698,0.0294296,0.92862,0.00219531,0.0026844,0.00640648,0.00456926,0.00192959
0.00106685,0.00898525,0.00278054,0.0219989,0.950445,0.0018881,0.000746248,0.00626272,0.00433496,0.00149122
0.0066912,0.0475352,0.015943,0.139266,0.683537,0.0177271,0.00670911,0.0275071,0.0363456,0.0187388
0.0626497,0.0904007,0.0646647,0.146159,0.401639,0.0584904,0.0110303,0.0193524,0.0997008,0.0459123
0.00968855,0.0520378,0.020266,0.0763534,0.744825,0.0159668,0.00708999,0.0234441,0.0331525,0.0171755
0.035523,0.0332737,0.190236,0.0933946,0.252131,0.11422,0.00702886,0.0388303,0.158287,0.0770757
0.0484586,0.0400438,0.150326,0.240705,0.170814,0.0808529,0.0316048,0.0401281,0.1413,0.0557667
0.0277218,0.0399299,0.227153,0.128575,0.121643,0.0721916,0.0317018,0.074227,0.205359,0.0714992
0.0278253,0.0313893,0.182505,0.0805409,0.142742,0.102319,0.0277763,0.152505,0.166272,0.086125
0.0174577,0.0230267,0.235336,0.0859227,0.173477,0.0525295,0.0264707,0.131214,0.140382,0.114183
0.0350183,0.0575975,0.143075,0.0963063,0.249702,0.0781819,0.0236511,0.115191,0.0888509,0.112426
0.0621587,0.0774516,0.111762,0.161884,0.0933404,0.102721,0.0389091,0.100738,0.124506,0.12653
0.00244991,0.0093594,0.00354415,0.00842791,0.938865,0.00152217,0.00118834,0.0273012,0.00659984,0.000741779
0.00211121,0.0138089,0.00679417,0.0332348,0.834423,0.00404206,0.00597056,0.0853571,0.0123824,0.00187599
0.0115216,0.0284984,0.0188455,0.0397558,0.777153,0.0292686,0.007815,0.0550824,0.020178,0.0118819
0.0118163,0.0480663,0.0137095,0.0384969,0.813864,0.0033803,0.00670046,0.0258049,0.0327277,0.00543357
0.0190013,0.0479763,0.0360928,0.0989642,0.532145,0.0173876,0.0187255,0.112834,0.0691721,0.0477008
0.0381087,0.083052,0.0785736,0.189823,0.166725,0.0680338,0.0200395,0.113754,0.163264,0.0786256
0.043407,0.0620232,0.14577,0.126686,0.264911,0.0321834,0.0167344,0.0554877,0.187583,0.065214
0.0160152,0.026775,0.0831882,0.072782,0.508352,0.027246,0.00793692,0.129653,0.0636725,0.0643785
0.0305335,0.0496066,0.0492375,0.0362463,0.503631,0.0446876,0.00361885,0.164308,0.0879004,0.0302302
0.0283377,0.0410355,0.0931359,0.126911,0.240239,0.0599759,0.0093005,0.130757,0.177153,0.0931543
0.0519251,0.0821688,0.0986766,0.114945,0.26337,0.0813875,0.012173,0.10297,0.0512048,0.141179
0.0317054,0.0809346,0.138379,0.070632,0.409612,0.0243457,0.010274,0.10375,0.0952651,0.0351029
0.0784584,0.0937951,0.0838236,0.0420638,0.258576,0.145183,0.0329968,0.10604,0.0957786,0.0632847
0.00571652,0.0527639,0.0127406,0.0215781,0.845469,0.0140272,0.00165171,0.0293917,0.0133936,0.0032673
0.0160827,0.0715291,0.0207214,0.0546652,0.69604,0.0684847,0.00470055,0.0393632,0.014317,0.0140966
0.00647506,0.0198251,0.0251353,0.014015,0.882804,0.00388809,0.00135707,0.0119212,0.0298939,0.00468558
0.0038539,0.0117437,0.0162894,0.00672989,0.920139,0.00413665,0.00149121,0.0152316,0.0157354,0.00464886
0.00440584,0.00821334,0.0115883,0.00730377,0.937908,0.00135288,0.00284351,0.00601307,0.018594,0.00177768
0.0303948,0.0338572,0.122962,0.0867189,0.474046,0.0136522,0.0336411,0.0664225,0.107009,0.031297
0.0660684,0.0417059,0.156436,0.0881874,0.371875,0.0542377,0.0344559,0.0529474,0.111203,0.0228837
0.0498046,0.056837,0.103943,0.110512,0.3849,0.0769743,0.0217094,0.0580963,0.0793425,0.0578809
0.0168159,0.0553276,0.024814,0.0719432,0.696434,0.0670961,0.00366179,0.0268026,0.0152028,0.0219023
0.000603842,0.0112756,0.00144615,0.00496594,0.958156,0.0161078,7.62616e-05,0.00619726,0.000480263,0.000690898
0.00134318,0.0231551,0.0028093,0.0110221,0.923687,0.0276363,7.33217e-05,0.00582331,0.000855918,0.00359486
0.00204752,0.0227727,0.00321615,0.01935,0.938733,0.00385293,0.000243109,0.00345208,0.00308611,0.00324622
0.0559847,0.0773432,0.0685431,0.0800292,0.503752,0.0258752,0.00855269,0.0254743,0.113365,0.0410798
0.0419425,0.0583539,0.194693,0.164972,0.0861057,0.0868468,0.0142928,0.0457612,0.219293,0.0877386
0.026972,0.0494562,0.158801,0.170979,0.0828702,0.111403,0.00823021,0.0697324,0.277273,0.044282
0.024082,0.0474065,0.204776,0.210385,0.0754992,0.0612172,0.0318186,0.0728777,0.176528,0.0954102
0.0259504,0.0457734,0.199614,0.223926,0.0694095,0.0642337,0.0340044,0.0748842,0.156164,0.106041
0.0124124,0.0541077,0.102244,0.0716055,0.407212,0.0254127,0.0336651,0.134495,0.100568,0.0582777
0.0110784,0.0470975,0.0475772,0.0420376,0.579511,0.0218215,0.0204243,0.136825,0.0652416,0.0283857
0.0419462,0.0849878,0.086392,0.147627,0.10895,0.0633145,0.0461816,0.117902,0.215062,0.0876364
0.00469753,0.0197447,0.0214249,0.078029,0.535974,0.0214517,0.0142845,0.265949,0.0203865,0.0180585
0.00386338,0.0294686,0.01556,0.147153,0.438736,0.0253673,0.00960131,0.287209,0.0270173,0.0160238
0.00998397,0.103485,0.00991851,0.321368,0.0559179,0.120941,0.0103095,0.304004,0.0219386,0.0421337
0.0394085,0.150958,0.046109,0.112015,0.279069,0.0557177,0.00791447,0.221993,0.0351357,0.0516795
0.0631945,0.130732,0.0777152,0.0663997,0.287927,0.144267,0.00383963,0.118609,0.0789499,0.0283651
0.0840478,0.05913,0.219416,0.0968267,0.162416,0.147761,0.0124698,0.0986049,0.0725137,0.0468138
0.130825,0.0653002,0.316939,0.103757,0.105575,0.102271,0.0105111,0.0623741,0.0714527,0.0309939
0.109812,0.0711213,0.175656,0.0588778,0.250839,0.130769,0.0170992,0.0956265,0.0553245,0.0348752
0.0229365,0.0528328,0.0602079,0.0513563,0.491506,0.122214,0.00968501,0.106394,0.034352,0.0485152
0.012705,0.058469,0.0366711,0.0118342,0.587003,0.067694,0.00462273,0.149824,0.0618248,0.00935155
0.0134226,0.0974164,0.0350948,0.059968,0.390128,0.0865558,0.0151921,0.217183,0.068292,0.0167472
0.0150737,0.154394,0.0190761,0.202319,0.143407,0.121451,0.0220773,0.22063,0.0565598,0.0450119
0.033526,0.140237,0.0307146,0.0215797,0.255046,0.139311,0.009797,0.261024,0.0923301,0.0164354
0.0284319,0.104206,0.0188156,0.0116605,0.575633,0.0431024,0.00741807,0.0946343,0.110793,0.00530549
0.010868,0.0363651,0.00452683,0.00913827,0.875166,0.00354877,0.00569522,0.0165311,0.0374159,0.000744723
0.0293287,0.030907,0.0228279,0.0585051,0.716398,0.00903497,0.015377,0.0211539,0.0916214,0.00484575
0.00695395,0.0152269,0.018803,0.0301703,0.863555,0.00091292,0.00798066,0.00871276,0.0455695,0.00211497
0.0203984,0.0464837,0.0188326,0.0747613,0.774814,0.00372414,0.0121727,0.00754289,0.0367371,0.00453337
0.0246546,0.0486873,0.0999356,0.0933738,0.484979,0.0147712,0.0233122,0.054107,0.120079,0.0360999
0.00783367,0.0421697,0.0214049,0.0752832,0.772613,0.00849766,0.00410244,0.0204393,0.0286557,0.0190007
0.001979,0.0400069,0.00434593,0.0460981,0.873631,0.0127065,0.000739366,0.0112163,0.0033125,0.005964
0.00332825,0.0781085,0.00487881,0.0623187,0.799252,0.0191998,0.00241392,0.0203154,0.00373845,0.00644587
0.00470198,0.0473871,0.0270848,0.0468854,0.753028,0.00904049,0.00610294,0.0506903,0.0312531,0.0238258
0.00578904,0.0393223,0.00981217,0.0611393,0.847364,0.0026969,0.0038098,0.00580462,0.0157362,0.00852585
0.0217146,0.0494082,0.123994,0.0724488,0.419198,0.00899571,0.0215488,0.0577142,0.14891,0.0760671
0.073702,0.0851738,0.0950927,0.104844,0.301422,0.0138819,0.0345984,0.0434616,0.196135,0.0516888
0.0449749,0.139497,0.0600994,0.216777,0.17324,0.0533654,0.0286098,0.100774,0.106569,0.0760935
0.0314716,0.0832283,0.109128,0.165365,0.222288,0.0760769,0.0156863,0.145503,0.122461,0.0287917
0.0261918,0.0573313,0.0767269,0.126141,0.257133,0.0366207,0.0205093,0.227992,0.137953,0.0334012
0.0370062,0.0554771,0.0904051,0.0943343,0.230633,0.0408983,0.0330633,0.217976,0.15557,0.0446374
0.0520402,0.100111,0.0885033,0.144444,0.0950717,0.125765,0.0551684,0.0968375,0.168045,0.0740148
0.0292727,0.0397209,0.161808,0.1286,0.207054,0.0398351,0.0586921,0.102102,0.145626,0.0872892
0.0166641,0.0370607,0.14922,0.0838869,0.290068,0.0343223,0.0320072,0.151881,0.152323,0.0525669
0.0209218,0.0779658,0.194071,0.176357,0.15151,0.0349514,0.018009,0.142592,0.0900663,0.0935559
0.00493178,0.0232522,0.0990905,0.0623552,0.587357,0.0036039,0.00565962,0.0474979,0.136272,0.0299798
0.00718374,0.0621462,0.0341064,0.116809,0.634489,0.00387217,0.00562475,0.0265196,0.0736997,0.0355497
0.0294934,0.0739442,0.0709215,0.0872866,0.537044,0.0132734,0.0192211,0.0335966,0.0788895,0.0563294
0.0122879,0.022498,0.0329906,0.0327871,0.801007,0.00627674,0.00979155,0.0192982,0.0559935,0.00706901
0.0354787,0.0665793,0.0741446,0.19882,0.322717,0.00957457,0.085246,0.0510409,0.130463,0.0259365
0.0468252,0.0430587,0.118063,0.139061,0.21143,0.0433405,0.112857,0.0588018,0.173139,0.0534245
0.0560041,0.0832098,0.0572552,0.0807979,0.565477,0.0282753,0.0277118,0.0362919,0.0525193,0.0124572
0.00846785,0.0559277,0.0312726,0.0203511,0.822826,0.00827527,0.00351061,0.0185763,0.0273589,0.00343324
0.0365745,0.159432,0.0610012,0.127118,0.371002,0.0597555,0.0101591,0.0507495,0.0988369,0.0253709
0.0254531,0.0430223,0.0788737,0.0386998,0.640126,0.0391206,0.00845938,0.0651755,0.0373815,0.0236886
0.00739106,0.0688269,0.0162448,0.0637012,0.713223,0.07881,0.0012642,0.0247527,0.0059868,0.0197991
0.0695516,0.0692166,0.0980599,0.122055,0.292041,0.0640026,0.0171979,0.0380157,0.147217,0.0826433
0.0163148,0.0514032,0.056738,0.0498759,0.654708,0.0236087,0.00306883,0.0297581,0.0680646,0.0464599
0.00193265,0.0335518,0.0507963,0.0531658,0.64755,0.0175729,0.00115675,0.116416,0.0328559,0.0450021
0.000614831,0.0150598,0.0101758,0.00660162,0.93844,0.0050803,0.000104768,0.0149207,0.00492736,0.00407524
0.0038753,0.0384112,0.0508339,0.0233159,0.740285,0.0116158,0.00335227,0.0622395,0.0532576,0.0128133
0.0147864,0.0928347,0.101378,0.0341567,0.485725,0.0662993,0.00798311,0.113251,0.0348964,0.048689
0.0102467,0.133146,0.0443035,0.369211,0.204798,0.0288632,0.0240452,0.084428,0.0294958,0.0714636
0.0612576,0.13727,0.128162,0.216243,0.104621,0.0749923,0.0330201,0.0738589,0.123934,0.0466405
0.047602,0.0966928,0.116513,0.151974,0.120347,0.0625402,0.0355543,0.111121,0.197578,0.0600776
0.0136656,0.0520857,0.0813863,0.0754232,0.485918,0.021858,0.0281789,0.116087,0.102797,0.0225999
0.0169444,0.0839876,0.0655415,0.0634843,0.358994,0.0617822,0.0130936,0.182308,0.100748,0.0531169
0.0225606,0.106861,0.0359447,0.207313,0.108268,0.0701005,0.0268622,0.333845,0.0469587,0.041286
0.0067122,0.0657698,0.0520402,0.0296096,0.556375,0.0297423,0.00623353,0.151391,0.074372,0.0277548
0.0419038,0.0707038,0.127683,0.352654,0.0637061,0.0468185,0.0288943,0.168285,0.0618243,0.0375276
0.0575131,0.0508159,0.201813,0.247967,0.113825,0.0409773,0.0201861,0.112938,0.134743,0.0192214
0.0811997,0.0754538,0.152438,0.234142,0.0992644,0.0654657,0.0333119,0.129785,0.103201,0.0257382
0.0841696,0.0777397,0.134994,0.128173,0.173832,0.0839257,0.0607977,0.0586672,0.155509,0.0421925
0.0779451,0.0880926,0.111094,0.124662,0.16964,0.0804184,0.0542554,0.0920406,0.150362,0.0514895
0.0345216,0.0534958,0.147486,0.141497,0.19265,0.0231715,0.0272184,0.126244,0.210111,0.0436049
0.0433048,0.0521499,0.089505,0.109236,0.421626,0.00736646,0.0197086,0.0447348,0.18613,0.026238
0.0417272,0.0551844,0.078524,0.0698895,0.438497,0.00756144,0.0259071,0.0333534,0.225585,0.0237716
0.0170729,0.0455502,0.0793875,0.0527835,0.614776,0.00364315,0.00870803,0.0172666,0.150348,0.0104638
0.0261767,0.0788625,0.0256994,0.0599816,0.676446,0.0155383,0.0109455,0.0352148,0.0532435,0.0178919
0.0142635,0.0981777,0.015694,0.0650541,0.720421,0.0237424,0.00872574,0.0197721,0.0228932,0.011256
0.0282119,0.0666126,0.0419421,0.146227,0.547939,0.0419747,0.0317517,0.0212745,0.0452845,0.0287811
0.0528002,0.0395985,0.152549,0.117812,0.303769,0.113762,0.0275124,0.0409418,0.106915,0.0443398
0.0281345,0.0307541,0.274133,0.105986,0.197959,0.0509511,0.0540743,0.065955,0.142816,0.0492364
0.0315898,0.0575914,0.167652,0.157461,0.173735,0.0685099,0.0189581,0.0893432,0.195726,0.0394336
0.0239812,0.0642383,0.109632,0.143999,0.0858388,0.100547,0.00983615,0.149933,0.256661,0.0553327
0.0420592,0.127428,0.0788798,0.0796162,0.158814,0.123414,0.0249144,0.134619,0.171246,0.0590079
0.032714,0.120481,0.0957555,0.0184712,0.185086,0.106856,0.00755783,0.28947,0.122307,0.0213012
0.0142945,0.102342,0.0299242,0.021144,0.224244,0.124255,0.00753883,0.402412,0.0618425,0.0120029
0.00183563,0.0338699,0.0360279,0.0131486,0.656664,0.0365935,0.0016106,0.190991,0.0262328,0.00302596
0.0109888,0.0832158,0.0584358,0.0218604,0.691786,0.04244,0.00245603,0.0655582,0.0114424,0.0118162
0.0822667,0.202566,0.0516989,0.15678,0.202229,0.14614,0.0155497,0.0476689,0.0404988,0.0546029
0.0331828,0.0612299,0.0479582,0.109316,0.58618,0.0279311,0.0124581,0.0416246,0.0536317,0.0264878
0.0536393,0.0575357,0.18603,0.120168,0.270642,0.0426655,0.0106714,0.0335461,0.201185,0.0239178
0.0821484,0.0557834,0.200509,0.0812294,0.305159,0.0397644,0.0111415,0.0367705,0.167368,0.020126
0.0512681,0.0642834,0.141028,0.0625859,0.396083,0.0172052,0.0243985,0.0502345,0.169741,0.0231725
0.0498905,0.0621218,0.235237,0.072513,0.212193,0.0354318,0.01255,0.0708105,0.209637,0.0396154
0.0578015,0.0756963,0.131988,0.128535,0.228772,0.0392128,0.0518628,0.0745852,0.165562,0.0459844
0.081271,0.0682114,0.141832,0.086056,0.24056,0.080017,0.0478723,0.0768574,0.112622,0.0647009
0.0613703,0.0692901,0.0980519,0.11763,0.194271,0.0571907,0.0907978,0.0874482,0.151701,0.0722494
0.0404524,0.0601247,0.0658556,0.107578,0.255484,0.0503934,0.0761043,0.0751927,0.233643,0.0351717
0.0122225,0.0405343,0.0205288,0.021903,0.748677,0.0101268,0.0195412,0.0435424,0.0757509,0.00717295
0.0443066,0.063368,0.0441144,0.146704,0.317194,0.0384303,0.083184,0.0887911,0.108138,0.0657688
0.00910132,0.0244971,0.042148,0.130088,0.58444,0.00770581,0.0625449,0.0442616,0.0901071,0.00510609
0.0462513,0.0664572,0.0515634,0.187182,0.156907,0.0506905,0.0626771,0.109931,0.231919,0.0364213
0.0407803,0.0364179,0.104444,0.137882,0.237233,0.0549489,0.0593524,0.111284,0.168435,0.0492224
0.0392353,0.0443561,0.0535964,0.231884,0.196449,0.0873926,0.0478178,0.158687,0.0664371,0.0741451
0.0382493,0.0680783,0.103256,0.0795996,0.228576,0.113051,0.0215757,0.211964,0.0966651,0.0389846
0.0441653,0.0599817,0.139563,0.0578246,0.306337,0.0520739,0.0131975,0.170839,0.112533,0.0434852
0.0132314,0.097039,0.0443479,0.101752,0.601353,0.0438546,0.00754514,0.0427642,0.0252373,0.0228747
0.000725892,0.0111383,0.0127849,0.015739,0.941415,0.0014993,0.000588045,0.00689688,0.00805959,0.00115278
0.00168103,0.0156107,0.0204683,0.0558385,0.855824,0.00369035,0.00204948,0.0235808,0.0136881,0.00756824
0.0213258,0.0779064,0.0986164,0.0721146,0.370298,0.0280806,0.00934306,0.177484,0.0965027,0.048328
0.0638052,0.101656,0.168909,0.109139,0.0975103,0.159377,0.0143656,0.138227,0.0465926,0.100418
0.106051,0.134297,0.0847971,0.189306,0.098192,0.0993969,0.0306939,0.076559,0.0764481,0.104259
0.0716909,0.0538071,0.101318,0.093993,0.252176,0.0759647,0.0431087,0.079836,0.130793,0.0973117
0.026104,0.0653666,0.0949812,0.0761387,0.475162,0.0526675,0.0207108,0.0724238,0.0698921,0.0465529
0.0231516,0.056743,0.100734,0.119982,0.262465,0.0347824,0.0419458,0.0953856,0.211912,0.0528981
0.0199271,0.0449537,0.0809605,0.153627,0.249299,0.0327649,0.0711312,0.0887931,0.203847,0.0546971
0.0505562,0.0611663,0.129421,0.190711,0.104139,0.0621236,0.0477979,0.0814886,0.181007,0.0915885
0.0477171,0.0422499,0.163833,0.102003,0.170932,0.063824,0.0572111,0.108764,0.138265,0.1052
0.0331236,0.0384344,0.104972,0.224769,0.150442,0.0486366,0.0806539,0.0982625,0.15659,0.0641157
0.0474535,0.0593082,0.118157,0.159198,0.230762,0.0506665,0.0579722,0.0904229,0.151845,0.0342148
0.0671875,0.0678733,0.150532,0.100579,0.249468,0.0780483,0.0476042,0.0717331,0.128493,0.0384813
0.0731849,0.0977235,0.100677,0.135121,0.111282,0.15904,0.0442308,0.0751065,0.150656,0.0529785
0.0644626,0.102848,0.131745,0.107843,0.205511,0.0683133,0.0378153,0.119187,0.142649,0.0196257
0.0582626,0.080394,0.100587,0.0172029,0.199004,0.0895834,0.0100098,0.177064,0.259713,0.00817984
0.0548591,0.121821,0.0722878,0.214147,0.113618,0.101557,0.0426526,0.0886787,0.149698,0.0406805
0.0444008,0.0695221,0.064918,0.0789893,0.358001,0.0493588,0.0285848,0.0901666,0.198994,0.0170644
0.0289915,0.0305094,0.0281181,0.0157738,0.812582,0.01348,0.00973161,0.0116625,0.0466522,0.00249854
0.036418,0.0914805,0.0330564,0.141415,0.348555,0.055855,0.0583036,0.075116,0.107019,0.0527827
0.0213232,0.0847662,0.0946287,0.0809314,0.32359,0.0429589,0.0484363,0.0972834,0.15245,0.0536317
0.0289509,0.0792667,0.0983186,0.0905969,0.145218,0.087765,0.0336927,0.106985,0.277627,0.0515798
0.0399359,0.0553958,0.106837,0.0565341,0.166097,0.047952,0.0223317,0.102587,0.364344,0.037986
0.0306886,0.0458398,0.103147,0.0346765,0.168795,0.0310691,0.0131397,0.0893768,0.455601,0.0276668
0.0334714,0.111493,0.0989902,0.0589958,0.139034,0.0392978,0.0150812,0.102002,0.371893,0.0297416
0.085754,0.0753271,0.116556,0.0481198,0.208688,0.0474203,0.0438275,0.0941707,0.229363,0.0507738
0.052758,0.115128,0.0823564,0.155448,0.117113,0.0940266,0.0461602,0.0995987,0.173904,0.0635074
0.0270924,0.0983356,0.0705585,0.0989687,0.380922,0.0632063,0.0294735,0.0877367,0.0693762,0.0743297
0.033334,0.130969,0.0555392,0.11029,0.368931,0.0690826,0.0293715,0.0741165,0.0575489,0.0708176
0.0176811,0.127328,0.0249797,0.12511,0.480869,0.0672654,0.0123073,0.0649088,0.0243375,0.0552127
0.0339573,0.0914561,0.0719767,0.111301,0.38368,0.119357,0.012177,0.0529884,0.0474891,0.0756166
0.0335558,0.124345,0.0457002,0.112128,0.160719,0.344505,0.00553704,0.0674003,0.0358045,0.0703039
0.0149133,0.105024,0.0173047,0.103631,0.442015,0.231294,0.00384785,0.0452871,0.0119606,0.0247225
0.00255739,0.041158,0.0067359,0.034889,0.841759,0.0326047,0.00140192,0.0251777,0.00475841,0.00895788
0.00170894,0.0251031,0.00457083,0.0183846,0.91294,0.0109576,0.00114242,0.0164183,0.0040397,0.00473475
0.00227676,0.0843078,0.0057261,0.0707148,0.715827,0.0635235,0.000577258,0.0354945,0.00678153,0.014771
0.00469086,0.072679,0.0207114,0.0380294,0.632394,0.0962752,0.00289835,0.104471,0.0116803,0.0161705
0.0371064,0.135597,0.0464153,0.0469556,0.151803,0.283655,0.00483516,0.178745,0.0414507,0.0734371
0.0611486,0.053273,0.0455723,0.0432689,0.104596,0.317104,0.00324309,0.252887,0.0958508,0.0230569
0.0826035,0.111325,0.032782,0.0166824,0.123688,0.22335,0.00257319,0.219458,0.169904,0.0176339
0.0682857,0.0552108,0.0965008,0.046876,0.131167,0.190126,0.0069855,0.204763,0.169197,0.0308876
0.0834608,0.0544585,0.0283488,0.0219938,0.160248,0.0965153,0.00311354,0.161022,0.383718,0.00712132
0.124062,0.0975991,0.0383872,0.0338899,0.149963,0.148691,0.00767374,0.109958,0.270889,0.0188874
0.0529852,0.0842895,0.145711,0.219208,0.127124,0.0881757,0.027897,0.0601293,0.0904253,0.104055
0.0716027,0.0761789,0.0776181,0.0780606,0.153032,0.208142,0.0165594,0.12605,0.138517,0.0542394
0.0584485,0.102402,0.0495661,0.0540586,0.143302,0.171748,0.0129778,0.172965,0.19308,0.0414519
0.0273755,0.11598,0.0586319,0.102196,0.325544,0.105436,0.0196647,0.112846,0.0689279,0.0633983
0.0639621,0.137626,0.0583959,0.0728659,0.192724,0.185604,0.0156504,0.135625,0.0928894,0.0446567
0.0312952,0.099904,0.0689852,0.0582248,0.409259,0.0699692,0.0324571,0.116793,0.0507718,0.0623398
0.0183142,0.0513795,0.0965125,0.0413235,0.449772,0.0294657,0.0331851,0.118459,0.11482,0.0467679
0.00987324,0.0434987,0.0465693,0.0768153,0.544296,0.0197422,0.0374157,0.117776,0.0491684,0.0548453
0.0145074,0.0203743,0.0882743,0.0450506,0.557099,0.00980769,0.0546821,0.0869947,0.0927057,0.030504
0.0122006,0.0570735,0.122763,0.0921399,0.326119,0.0241273,0.0261469,0.149765,0.102073,0.0875911
0.0076368,0.0302262,0.0850358,0.133867,0.340843,0.0287063,0.04093,0.142895,0.119137,0.0707224
0.0229093,0.156108,0.039404,0.167211,0.097702,0.110069,0.018613,0.196138,0.124226,0.0676202
0.0401116,0.143239,0.0349377,0.0482455,0.127221,0.158374,0.0289982,0.248106,0.12484,0.0459258
0.0315767,0.0972455,0.046099,0.0850492,0.21341,0.108098,0.0325046,0.232005,0.11893,0.0350829
0.0531843,0.0825787,0.0863704,0.104964,0.321271,0.108493,0.0385217,0.0745864,0.0996501,0.0303807
0.0453275,0.0875373,0.157419,0.0647148,0.271367,0.0773383,0.0141238,0.0814964,0.175357,0.0253197
0.0330756,0.080115,0.13771,0.140664,0.167241,0.126386,0.0142474,0.0691392,0.201385,0.0300373
0.0593331,0.079209,0.160212,0.107245,0.173452,0.0804813,0.0412533,0.0712375,0.167706,0.0598708
0.0520698,0.0785124,0.135961,0.0987853,0.197133,0.032509,0.0577007,0.102651,0.186693,0.0579845
0.0653319,0.0704145,0.0639165,0.0882268,0.329355,0.112438,0.0401014,0.082177,0.0578319,0.0902068
0.0603587,0.0738521,0.113275,0.107181,0.143628,0.0840794,0.0418124,0.0943634,0.1468,0.13465
0.0305363,0.0620778,0.114346,0.0813416,0.313227,0.0421466,0.0356992,0.118757,0.125235,0.0766336
0.0153486,0.0282223,0.0768031,0.056638,0.453835,0.0156204,0.0268509,0.178532,0.10057,0.0475802
0.03835,0.117165,0.0679626,0.0617895,0.249606,0.165761,0.016772,0.150419,0.0470842,0.0850904
0.018454,0.0811869,0.0819949,0.0985451,0.237605,0.119022,0.0146638,0.179766,0.0915314,0.0772312
0.0103031,0.186652,0.0369552,0.140325,0.260407,0.0973613,0.0128898,0.159803,0.0411044,0.0541994
0.0077807,0.0920218,0.0193334,0.0935551,0.542182,0.0877798,0.0151233,0.109467,0.0135855,0.0191715
0.00404926,0.0679332,0.00836349,0.0891156,0.485241,0.17741,0.00584708,0.144383,0.00570919,0.0119486
0.00113,0.0152629,0.0105265,0.0171786,0.917876,0.00607044,0.00141336,0.0214415,0.00745055,0.00165004
0.0234989,0.047722,0.100718,0.0492902,0.383668,0.0747035,0.01048,0.194242,0.0972153,0.0184623
0.0125064,0.0365723,0.102423,0.078813,0.45638,0.0292611,0.0197573,0.148941,0.0904866,0.0248605
0.00338014,0.0348264,0.0142512,0.0383872,0.861949,0.00991069,0.00201714,0.0212683,0.0103499,0.00366018
0.00143325,0.0219899,0.0128096,0.0415054,0.841122,0.0123501,0.00147435,0.052294,0.0112407,0.00378063
0.0229324,0.183044,0.0348947,0.108574,0.313613,0.0426062,0.0172093,0.159438,0.0691796,0.0485085
0.00483269,0.0854529,0.0215026,0.0531726,0.611647,0.0232723,0.00544145,0.153133,0.0331655,0.00837978
0.00243289,0.0564127,0.0185523,0.0399614,0.678743,0.0216559,0.00353179,0.150489,0.0232669,0.00495384
0.00139185,0.0593016,0.0082355,0.087221,0.431145,0.043325,0.00359938,0.342691,0.0175144,0.00557496
0.0016313,0.0608411,0.0142324,0.0723952,0.501181,0.0220947,0.00334607,0.282213,0.0371381,0.00492718
0.00574912,0.0832317,0.0322162,0.131238,0.396106,0.0404757,0.0133217,0.217025,0.0684505,0.012185
0.015554,0.104093,0.0499043,0.214198,0.209664,0.0552403,0.0231715,0.128949,0.171244,0.027981
0.0221116,0.162464,0.0609492,0.291737,0.0733614,0.0993279,0.0236199,0.140464,0.0639196,0.0620448
0.038205,0.100067,0.110005,0.209904,0.13335,0.0431576,0.028291,0.178165,0.125082,0.0337736
0.0427201,0.0781365,0.186069,0.145443,0.130558,0.0543121,0.029705,0.0644908,0.212598,0.0559669
0.0283973,0.107088,0.0219301,0.266092,0.113698,0.0821347,0.0154589,0.271833,0.0473182,0.0460506
0.0276845,0.0893261,0.028154,0.0588505,0.155225,0.154491,0.0112158,0.359358,0.0252504,0.090444
0.108341,0.153798,0.0588065,0.0600383,0.100922,0.150628,0.0182147,0.249487,0.0439866,0.0557763
0.0619626,0.0520532,0.135027,0.151969,0.0621677,0.169555,0.0076988,0.263473,0.0171817,0.0789115
0.0400668,0.0430944,0.0761558,0.30535,0.0483431,0.0902572,0.00873756,0.334777,0.0119359,0.0412816
0.033936,0.0413379,0.11738,0.210003,0.124687,0.139764,0.00828022,0.190489,0.036072,0.0980513
0.0460082,0.100057,0.121136,0.147761,0.0968897,0.0839858,0.0319336,0.12079,0.192269,0.0591704
0.0762116,0.0592309,0.0881649,0.0564316,0.224768,0.176708,0.0136215,0.131468,0.126808,0.0465872
0.0848866,0.0891594,0.0684355,0.0132568,0.248619,0.10499,0.0173924,0.10687,0.201022,0.0653692
0.0897127,0.161191,0.0392125,0.0134237,0.191499,0.194392,0.00580128,0.174889,0.0962425,0.0336354
0.0731722,0.101361,0.0572162,0.0333987,0.186949,0.049287,0.0109985,0.120841,0.329834,0.0369423
0.0811946,0.141594,0.0354954,0.0721398,0.175429,0.130369,0.00565885,0.202395,0.0699548,0.0857701
0.0513734,0.0843337,0.0711992,0.0782619,0.202336,0.0614306,0.0106641,0.189045,0.187197,0.0641594
0.050661,0.0779336,0.0568493,0.090143,0.304756,0.0522908,0.0130761,0.149361,0.149109,0.0558201
0.029775,0.0400974,0.0789486,0.0931787,0.550415,0.0185608,0.02895,0.0582802,0.0796084,0.0221854
0.0399516,0.0487646,0.0705421,0.10364,0.386857,0.0465685,0.0494222,0.149784,0.077817,0.0266529
0.012136,0.047726,0.0380647,0.103325,0.453382,0.0459815,0.0264411,0.196841,0.0586114,0.0174918
0.0175293,0.103315,0.0395896,0.203966,0.272728,0.0902787,0.0314899,0.134374,0.0715522,0.0351763
0.0197522,0.0798396,0.0672736,0.190373,0.318678,0.0571885,0.0379694,0.10194,0.107442,0.0195432
0.0169093,0.0815266,0.0344491,0.14457,0.259631,0.12646,0.0334662,0.207621,0.0595501,0.0358168
0.0384124,0.147478,0.0379853,0.0982112,0.134523,0.100917,0.0198601,0.214741,0.174477,0.033395
0.0752222,0.133189,0.0717932,0.113917,0.111419,0.086319,0.0362391,0.113689,0.199203,0.0590095
0.0644987,0.104927,0.156878,0.0814283,0.168592,0.0660479,0.0254052,0.0617802,0.248893,0.0215496
0.0219147,0.0586515,0.216745,0.126498,0.122111,0.0179051,0.00740366,0.0676295,0.351691,0.00945101
0.017128,0.0767165,0.122645,0.150159,0.11228,0.0367228,0.0157239,0.132767,0.3037,0.0321584
0.0236851,0.0835808,0.185457,0.185917,0.120282,0.0198514,0.0174331,0.126679,0.209272,0.0278424
0.0201021,0.0597118,0.144004,0.120727,0.172054,0.0274033,0.0123137,0.164122,0.258358,0.0212038
0.0501493,0.0867071,0.103237,0.237928,0.0864524,0.0655102,0.0256954,0.119988,0.126929,0.0974045
0.0010859,0.00920121,0.00790385,0.00225163,0.944761,0.000798178,0.000237316,0.0123815,0.0201788,0.00120019
0.00279091,0.0342774,0.00915897,0.00578586,0.787261,0.0180929,0.00161281,0.0988368,0.0362005,0.00598245
0.0040374,0.0393376,0.0180524,0.00872712,0.781641,0.0261053,0.00166883,0.0899908,0.0253657,0.00507392
0.00677385,0.041921,0.035185,0.0113237,0.731659,0.0202374,0.00417314,0.0798623,0.0615383,0.00732605
0.00899374,0.0565339,0.0293208,0.0626124,0.568432,0.0277818,0.00982387,0.105921,0.118849,0.0117314
0.0358455,0.0815065,0.0777527,0.148753,0.093563,0.161224,0.0180042,0.0894347,0.248824,0.0450927
0.0160802,0.0400342,0.0637082,0.187463,0.249625,0.0327892,0.0392797,0.0510546,0.284926,0.03504
0.0100824,0.0235228,0.0761599,0.155098,0.313961,0.0259548,0.0171999,0.0483167,0.308438,0.0212663
0.0166515,0.0284575,0.0993819,0.160783,0.306581,0.0302894,0.0331376,0.0466551,0.246437,0.0316264
0.0209512,0.0407735,0.124919,0.113506,0.28211,0.0356929,0.0495872,0.0652531,0.224172,0.0430351
0.0275267,0.0594658,0.111252,0.107296,0.236822,0.0676173,0.0418008,0.0995713,0.17624,0.0724079
0.117372,0.126278,0.0942614,0.0291888,0.10818,0.182229,0.0364591,0.186649,0.0738963,0.0454868
0.105603,0.125517,0.110386,0.0290159,0.100998,0.258318,0.0272101,0.115742,0.0686718,0.0585386
0.0288254,0.0849077,0.0501335,0.102923,0.39057,0.0654047,0.00783389,0.127405,0.0297489,0.112248
0.00428743,0.0274721,0.0243679,0.0597399,0.727777,0.0136704,0.00582623,0.101327,0.0298865,0.00564523
0.0281372,0.0631775,0.0875126,0.059903,0.561503,0.010119,0.0180087,0.024996,0.130367,0.0162756
0.0501155,0.0724843,0.0880899,0.0871473,0.47452,0.0526944,0.0275463,0.0399353,0.0716483,0.035819
0.0652105,0.0712685,0.128893,0.107515,0.332063,0.0272542,0.0394818,0.0467575,0.140108,0.0414485
0.100419,0.0586157,0.173813,0.0986871,0.144547,0.0767934,0.0752597,0.0849831,0.117701,0.0691814
0.0842498,0.0410339,0.103467,0.0971289,0.320314,0.0575046,0.0602707,0.0865753,0.0954288,0.0540268
0.0696881,0.0286145,0.0843053,0.0969613,0.340058,0.100032,0.0380755,0.116217,0.0748504,0.0511981
0.0789743,0.0310255,0.0692869,0.0989708,0.376197,0.0831305,0.0467042,0.0926479,0.0752158,0.047847
0.02469,0.056791,0.0360443,0.273075,0.323828,0.060997,0.0176342,0.100139,0.0405428,0.0662585
0.0445944,0.0613232,0.0445737,0.210789,0.212063,0.107455,0.0178093,0.133544,0.124142,0.043706
0.0296513,0.0655436,0.0588564,0.323467,0.145336,0.0962563,0.0265258,0.0679852,0.102282,0.0840965
0.0332954,0.0973621,0.136036,0.226671,0.154275,0.11039,0.0241203,0.0472647,0.12458,0.0460058
0.0185632,0.0320956,0.0875202,0.0848778,0.52455,0.0272083,0.0260946,0.0616221,0.0832448,0.0542236
0.00190423,0.0292397,0.0133197,0.0116009,0.872537,0.00653218,0.00361181,0.0345759,0.0205483,0.00613005
0.00309169,0.0492179,0.0538565,0.030245,0.652557,0.0110733,0.0048846,0.119403,0.0430372,0.0326335
0.0149636,0.0660659,0.121528,0.0715829,0.317336,0.0454284,0.0134999,0.197837,0.0555285,0.09623
0.0254026,0.0359468,0.135773,0.0882114,0.374391,0.00837199,0.0306475,0.0640224,0.18411,0.0531233
0.0701431,0.0730166,0.153238,0.205635,0.110019,0.067747,0.0401476,0.110224,0.101746,0.0680842
0.0380429,0.0434401,0.120815,0.12676,0.230226,0.0321824,0.0411424,0.130991,0.154016,0.0823844
0.0505413,0.0665001,0.102101,0.175254,0.188608,0.0674745,0.0657738,0.0894355,0.156434,0.0378777
0.06878,0.0510963,0.245119,0.0877794,0.143664,0.0617977,0.0293958,0.122617,0.12736,0.06239
0.0467063,0.0321203,0.340657,0.086328,0.19219,0.0483447,0.0236775,0.0533416,0.141973,0.0346611
0.0442564,0.0512138,0.187425,0.0981231,0.17979,0.083652,0.0300264,0.109056,0.117167,0.0992908
0.0325147,0.0673881,0.0980252,0.300984,0.142265,0.0447819,0.0293836,0.069518,0.144442,0.0706978
0.0627137,0.158212,0.0564689,0.262955,0.144002,0.10369,0.0374044,0.0471004,0.0936105,0.0338422
0.0677588,0.148642,0.0510336,0.254788,0.10563,0.130924,0.0187024,0.0419535,0.160629,0.0199393
0.0699977,0.101682,0.0813787,0.0768404,0.133914,0.161346,0.0121365,0.0813054,0.270908,0.0104921
0.0376256,0.129004,0.0427911,0.309564,0.0860229,0.172227,0.0119508,0.0360073,0.162003,0.0128039
0.0530033,0.10489,0.0913182,0.264809,0.0946988,0.0725351,0.0350741,0.0589676,0.154574,0.0701297
0.043283,0.0614274,0.137636,0.209179,0.126407,0.0583459,0.0224172,0.0637576,0.231572,0.0459748
0.0287265,0.0740471,0.107768,0.219753,0.209097,0.0622303,0.0145639,0.0644684,0.155596,0.0637494
0.0871757,0.116268,0.0861677,0.189581,0.144432,0.103094,0.049167,0.0501113,0.0914203,0.0825831
0.0565445,0.065938,0.110986,0.124949,0.228003,0.0499047,0.0819243,0.0711021,0.14728,0.0633684
0.0200531,0.0505083,0.0181763,0.059647,0.679829,0.0120602,0.0220317,0.0647468,0.049706,0.0232422
0.082671,0.138855,0.0456607,0.139617,0.197926,0.0724677,0.028654,0.111239,0.0776925,0.105218
0.0616982,0.08437,0.0908886,0.142539,0.190303,0.044784,0.0556375,0.10507,0.161107,0.0636025
0.0507713,0.0778972,0.0745634,0.0959827,0.327733,0.0365368,0.0428456,0.114308,0.129249,0.050114
0.0292744,0.064948,0.0465499,0.132744,0.346749,0.0372613,0.0314675,0.129053,0.0673213,0.114631
0.0528173,0.0661546,0.0859145,0.0954199,0.203717,0.0593602,0.0624699,0.154899,0.138119,0.0811284
0.0571535,0.0829416,0.0677585,0.1403,0.180511,0.0979739,0.0384081,0.127363,0.0810864,0.126504
0.0288522,0.0809933,0.0641835,0.0686269,0.440479,0.0720528,0.0188258,0.111969,0.0583603,0.0556572
0.024609,0.0249929,0.202239,0.0594204,0.220812,0.0773742,0.0453558,0.128534,0.156795,0.0598678
0.062654,0.0522615,0.160483,0.0910197,0.126567,0.0758623,0.0570734,0.0965828,0.184671,0.0928245
0.0278194,0.0336614,0.0835364,0.151307,0.169843,0.0565955,0.0522628,0.0743481,0.300212,0.0504148
0.00565108,0.0090487,0.0435529,0.018091,0.383788,0.0102006,0.0122815,0.0366346,0.474233,0.00651839
0.030306,0.0180113,0.0974054,0.0411067,0.363354,0.0247217,0.0526518,0.0474155,0.291649,0.033379
0.0122721,0.0513884,0.0415154,0.0731472,0.61427,0.0217253,0.0363698,0.0716107,0.0470876,0.0306135
0.0020238,0.0231672,0.0151399,0.0285304,0.84178,0.00846907,0.0107327,0.0510846,0.0132207,0.00585117
0.0108367,0.0553987,0.0386099,0.0826094,0.615213,0.0156133,0.0300619,0.0672704,0.0631779,0.0212084
0.0126369,0.0545116,0.0207323,0.100121,0.706646,0.00581609,0.0208136,0.0246619,0.0388232,0.0152371
0.00500447,0.0152431,0.035161,0.029271,0.755165,0.00489472,0.0190875,0.0834656,0.0426969,0.0100106
0.0115829,0.0567873,0.0291788,0.0803807,0.712737,0.0114695,0.0232556,0.0316791,0.0304047,0.012524
0.0293296,0.0630559,0.0937592,0.146471,0.378354,0.0287773,0.0577702,0.0822379,0.0940403,0.0262039
0.0405428,0.106533,0.105169,0.0935387,0.282783,0.06833,0.0164711,0.0945353,0.173298,0.0188002
0.00817417,0.0397502,0.0355593,0.017352,0.81535,0.0145946,0.00516217,0.0331669,0.0289865,0.00190379
0.00149577,0.0306527,0.00966075,0.00680792,0.923219,0.00681228,0.000891087,0.0133707,0.00648793,0.000602068
0.00214312,0.0366323,0.055448,0.0151794,0.798283,0.0185724,0.00181347,0.0352139,0.0336934,0.00302101
0.00289283,0.025543,0.0177459,0.0342783,0.868421,0.00806767,0.00164625,0.016921,0.0201299,0.00435469
0.000733278,0.00989616,0.00284537,0.0266539,0.941499,0.00319176,0.000823038,0.00962478,0.00326624,0.00146607
0.0543099,0.099147,0.0480102,0.109112,0.387324,0.0930422,0.0545367,0.0690791,0.0402388,0.0452
0.0339273,0.0732026,0.0865279,0.298086,0.149236,0.0374661,0.0687977,0.0686242,0.133764,0.0503684
0.0347962,0.0663214,0.0698474,0.166994,0.149107,0.0688075,0.0515772,0.0439776,0.30409,0.0444817
0.0422712,0.0727447,0.0771669,0.148254,0.139503,0.0858758,0.0464518,0.0915868,0.219628,0.0765183
0.0610984,0.0621784,0.0860878,0.227029,0.0893028,0.0416837,0.0870053,0.0546947,0.150366,0.140554
0.0235039,0.0587424,0.0728142,0.141058,0.387366,0.0271905,0.0458534,0.0869428,0.126904,0.0296251
0.00515058,0.0515385,0.0193258,0.0693275,0.764903,0.0090219,0.0103962,0.0364398,0.0248137,0.00908342
0.00145723,0.0207959,0.00822928,0.040151,0.903375,0.00211531,0.00183809,0.00899265,0.0099816,0.00306405
0.00192943,0.027164,0.00873676,0.0219073,0.900894,0.00237921,0.00197661,0.0156314,0.0174218,0.0019592
0.000715439,0.00886069,0.00322751,0.0061465,0.966845,0.000698299,0.000950671,0.00317615,0.00900093,0.000378625
0.000348854,0.00260991,0.00105356,0.00219703,0.990182,0.000165987,0.000382012,0.000562666,0.00244035,5.80162e-05
0.0126927,0.0552357,0.0163788,0.0385874,0.83143,0.00163659,0.00520105,0.00630456,0.0286194,0.00391381
0.0257405,0.0687951,0.0202052,0.0676139,0.736976,0.00411209,0.0110963,0.00934367,0.050859,0.00525871
0.0423232,0.0602348,0.0666021,0.0400309,0.640076,0.0139306,0.00684876,0.0294895,0.0936341,0.00683022
0.0148698,0.028387,0.0343548,0.0186899,0.818819,0.00166006,0.00530457,0.00857709,0.0671218,0.00221573
0.0592138,0.0785082,0.152419,0.0858109,0.340308,0.0248947,0.0256349,0.0647349,0.153556,0.0149198
0.0444354,0.069772,0.165489,0.0407329,0.286714,0.0617173,0.0136497,0.0900397,0.219976,0.00747319
0.0672253,0.0612165,0.157516,0.0800424,0.29651,0.0659396,0.0298128,0.0732099,0.152338,0.0161889
0.0688201,0.0851599,0.131357,0.065536,0.263633,0.0789137,0.043605,0.105601,0.10076,0.0566141
0.0909331,0.123192,0.0817223,0.0476401,0.110065,0.115483,0.039893,0.208659,0.1421,0.0403123
0.0461863,0.0911911,0.0842851,0.0710295,0.147285,0.103798,0.0459554,0.199951,0.155353,0.0549657
0.00576945,0.0284804,0.034496,0.0388699,0.584097,0.0215904,0.0107407,0.211354,0.0520105,0.0125913
0.0152069,0.0665072,0.0259034,0.0835291,0.518229,0.0301019,0.0195128,0.155425,0.0661531,0.0194318
0.0177733,0.059721,0.0390548,0.0726819,0.573016,0.0261606,0.0248956,0.1219,0.0452401,0.0195566
0.076059,0.0966438,0.0705041,0.134728,0.40553,0.0173029,0.0468199,0.0203646,0.0962792,0.0357682
0.0269849,0.0489509,0.0209544,0.115491,0.668754,0.00449905,0.0257676,0.0111253,0.0591505,0.0183223
0.0229697,0.0292687,0.151854,0.0988878,0.250195,0.022123,0.0389724,0.100836,0.227935,0.0569582
0.018525,0.0227416,0.182299,0.109797,0.386849,0.0114038,0.0121031,0.0364588,0.172081,0.0477423
0.015152,0.020846,0.0930873,0.0542565,0.606663,0.0180773,0.017154,0.0469336,0.0911928,0.0366372
0.0687236,0.0401144,0.191979,0.112022,0.141485,0.0830743,0.0286997,0.0842615,0.188309,0.0613324
0.0646136,0.0361874,0.138815,0.172137,0.17223,0.0454391,0.050491,0.0660459,0.231402,0.0226392
0.112648,0.0701206,0.089872,0.113539,0.170841,0.0822118,0.0607493,0.096612,0.167415,0.0359921
0.0921991,0.0967943,0.0795582,0.0995103,0.125298,0.0727694,0.0678909,0.120939,0.201364,0.0436771
0.0764891,0.0819204,0.147635,0.0579809,0.142126,0.100469,0.0459463,0.150253,0.15292,0.0442594
0.0985625,0.0775128,0.102107,0.11666,0.17162,0.0874729,0.0375115,0.129842,0.111045,0.0676651
0.0935472,0.0603362,0.136629,0.100952,0.269897,0.0701398,0.0348859,0.0821992,0.111472,0.0399424
0.0523494,0.0675351,0.144385,0.106247,0.173262,0.0862769,0.0440311,0.0964458,0.125466,0.104001
0.0772819,0.0754417,0.125482,0.110679,0.123753,0.0922152,0.055087,0.123832,0.110584,0.105644
0.0712934,0.0704011,0.139513,0.0880407,0.147927,0.0808753,0.078952,0.0909481,0.159542,0.0725075
0.058804,0.0594692,0.165044,0.100102,0.157557,0.0486673,0.053228,0.109862,0.160057,0.08721
0.054814,0.058787,0.17881,0.0770662,0.143062,0.0868551,0.0270694,0.120706,0.16598,0.0868504
0.0400438,0.0615848,0.13478,0.104636,0.214494,0.0933367,0.0291692,0.0890364,0.186705,0.0462124
0.0381704,0.0660438,0.105902,0.128904,0.10848,0.135352,0.0348668,0.112791,0.170283,0.099207
0.0631402,0.0598292,0.156473,0.120182,0.10591,0.17068,0.0336595,0.0706263,0.116132,0.103368
0.0185154,0.0424843,0.203978,0.101346,0.0918148,0.119789,0.0104706,0.072638,0.284855,0.0541075
0.0352361,0.0985856,0.0697034,0.0969076,0.102807,0.206158,0.00938921,0.195065,0.146093,0.0400546
0.00726219,0.0381854,0.0355664,0.0430292,0.278933,0.0489979,0.00599228,0.378713,0.150271,0.0130501
0.00995685,0.0406683,0.0344101,0.0427436,0.388353,0.0788919,0.00868027,0.299315,0.0839162,0.0130649
0.0146876,0.0560737,0.0359078,0.0756959,0.325995,0.0883929,0.0164598,0.285576,0.0796609,0.0215508
0.0122654,0.0777265,0.0143638,0.108075,0.337929,0.142531,0.00515093,0.258957,0.0232996,0.019702
0.0148853,0.0326762,0.0164507,0.105842,0.298883,0.14999,0.0039689,0.300955,0.0234609,0.0528877
0.0388162,0.0992025,0.0798272,0.0979077,0.142266,0.118395,0.0183678,0.275252,0.096859,0.0331069
0.0646901,0.074915,0.0835952,0.157139,0.188257,0.077556,0.0468028,0.1567,0.0961234,0.0542219
0.0739822,0.0903625,0.111355,0.103351,0.126936,0.069791,0.0431577,0.127257,0.220321,0.0334866
0.0474885,0.0837772,0.132435,0.0890546,0.17847,0.0436919,0.0517312,0.110226,0.212461,0.0506649
0.0445868,0.0632839,0.138714,0.104816,0.2467,0.0685583,0.0521205,0.0871483,0.161522,0.0325506
0.0668479,0.0787129,0.141393,0.117404,0.11798,0.0826005,0.0678419,0.101894,0.145134,0.0801905
0.0492398,0.0769662,0.105601,0.169387,0.174516,0.0465222,0.0419597,0.0682483,0.214655,0.0529049
0.0713538,0.0677395,0.126394,0.142618,0.145686,0.039474,0.0281556,0.0441064,0.283868,0.0506055
0.0831679,0.048274,0.0909372,0.240402,0.129684,0.0596038,0.024237,0.0342918,0.259454,0.0299481
