0,1,2,3,4,5,6,7,8,9
0,0,0,0,0,0,0,0,0,0
0,0,0,0,0,0,0,0,0,0
0,0,0,0,0,0,0,0,0,0
0,0,0,0,0,0,0,0,0,0
0,0,0,0,0,0,0,0,0,0
0,0,0,0,0,0,0,0,0,0
0,0,0,0,0,0,0,0,0,0
0,0,0,0,0,0,0,0,0,0
0,0,0,0,0,0,0,0,0,0
0.0986853,0.0992021,0.0977183,0.10402,0.0979774,0.0996713,0.0995275,0.100522,0.101055,0.10162
0.100082,0.0988033,0.099248,0.102707,0.0974601,0.0993684,0.0999703,0.100944,0.100634,0.100783
0.10044,0.097331,0.0995042,0.101976,0.0969863,0.101113,0.101504,0.0989968,0.100355,0.101795
0.100242,0.0956864,0.0983699,0.103097,0.0951386,0.103305,0.102626,0.0969753,0.100107,0.104454
0.100415,0.0968927,0.0986515,0.101828,0.0960884,0.10232,0.102348,0.097644,0.100084,0.103728
0.0997628,0.0977107,0.0980176,0.101753,0.0959824,0.102723,0.102077,0.0970353,0.100298,0.10464
0.0990511,0.0966128,0.0972574,0.102813,0.0951518,0.104485,0.102259,0.0955648,0.100387,0.106418
0.0989877,0.100729,0.0984686,0.100558,0.0980036,0.101034,0.100632,0.0977671,0.100441,0.10338
0.0974803,0.103623,0.0968034,0.100214,0.0992873,0.100925,0.0995945,0.0972506,0.100686,0.104137
0.0980655,0.102333,0.097679,0.100247,0.0991061,0.101116,0.100119,0.0973213,0.100513,0.103501
0.0984211,0.102362,0.098117,0.0999697,0.0995504,0.100678,0.0995915,0.0983963,0.100508,0.102406
0.0980707,0.100783,0.0992771,0.101571,0.098733,0.0993196,0.0991098,0.0993307,0.101295,0.102511
0.0997003,0.0993082,0.099077,0.102727,0.0980812,0.0992359,0.0976622,0.10228,0.100886,0.101042
0.095969,0.102442,0.096606,0.105192,0.0993971,0.0981099,0.0980837,0.0999802,0.101225,0.102995
0.0941935,0.104347,0.0948457,0.107191,0.100006,0.0973583,0.0963833,0.100648,0.101635,0.103392
0.0945259,0.104496,0.095885,0.104418,0.100666,0.0988134,0.0988863,0.097269,0.100937,0.104104
0.0954293,0.107148,0.094237,0.101498,0.103169,0.100497,0.098851,0.095328,0.0997533,0.10409
0.0985318,0.102405,0.0981418,0.100835,0.101516,0.0998585,0.0990278,0.0984932,0.0998171,0.101374
0.0947754,0.103406,0.0961978,0.104531,0.101374,0.0973505,0.0998676,0.0985447,0.101164,0.102789
0.0976656,0.100475,0.0976704,0.105426,0.0991249,0.098689,0.0971075,0.102041,0.100774,0.101026
0.0976412,0.101148,0.0971767,0.105349,0.0997714,0.0991556,0.0965775,0.102381,0.100498,0.100302
0.0983519,0.101238,0.0982237,0.103047,0.0998468,0.0991016,0.0977639,0.101475,0.100506,0.100446
0.0977057,0.101941,0.0982345,0.102672,0.0998084,0.0990498,0.0970726,0.101467,0.100866,0.101183
0.0974728,0.102857,0.097696,0.101721,0.0998724,0.0990525,0.0965542,0.101784,0.101467,0.101523
0.0983793,0.101592,0.0983663,0.101406,0.0997426,0.0990414,0.0973406,0.101962,0.101285,0.100884
0.0995334,0.100443,0.0982186,0.102496,0.0984781,0.099205,0.0967576,0.103419,0.101033,0.100417
0.0990959,0.101214,0.097315,0.102092,0.0986781,0.0988161,0.0961594,0.103985,0.101681,0.100963
0.0977619,0.102282,0.0963661,0.103324,0.0993801,0.0986332,0.0971658,0.102036,0.101282,0.101769
0.0966295,0.102218,0.0946202,0.104718,0.0987121,0.100354,0.0975983,0.0995198,0.101079,0.104551
0.0978188,0.102375,0.0964046,0.101783,0.0997071,0.100671,0.0989268,0.0988596,0.100071,0.103383
0.100261,0.0993563,0.0982407,0.102,0.0971263,0.0998166,0.100266,0.100384,0.10041,0.102139
0.100488,0.098095,0.0982029,0.102282,0.0962047,0.100911,0.101429,0.0990763,0.100189,0.103121
0.100838,0.0964286,0.0984049,0.104348,0.0943321,0.101221,0.100195,0.100231,0.100389,0.103611
0.0988599,0.0961861,0.0951711,0.1045,0.0955177,0.104173,0.100325,0.0982371,0.10137,0.105659
0.0990121,0.0960228,0.0954134,0.104498,0.0952069,0.103961,0.0996981,0.0987837,0.101546,0.105858
0.0976503,0.0939308,0.094234,0.105964,0.0927082,0.107521,0.10398,0.0933375,0.100485,0.110191
0.0975789,0.0950274,0.0927429,0.108085,0.0928326,0.105453,0.100612,0.0961813,0.101363,0.110123
0.0972394,0.0975284,0.0933772,0.105602,0.0951281,0.10399,0.0988321,0.0979346,0.102302,0.108067
0.0975414,0.0975609,0.0947793,0.104944,0.0954379,0.104344,0.101162,0.0956568,0.100764,0.107809
0.0964664,0.0989488,0.0935427,0.105654,0.0960077,0.103387,0.100179,0.0963592,0.101585,0.107871
0.0956427,0.101637,0.0920027,0.10579,0.0973038,0.102622,0.0989314,0.0968891,0.100775,0.108406
0.0958658,0.101479,0.0916376,0.103902,0.0979343,0.103257,0.0988479,0.0969479,0.102445,0.107683
0.0938535,0.102025,0.0904534,0.106764,0.0967306,0.103157,0.0993273,0.0949124,0.101478,0.111298
0.0938215,0.0983475,0.0902564,0.109347,0.0934297,0.104677,0.100403,0.0945707,0.102281,0.112866
0.0944052,0.0991084,0.0908968,0.108831,0.0944087,0.103696,0.0992923,0.0958214,0.10227,0.11127
0.0950113,0.102747,0.0911736,0.105863,0.0977313,0.102846,0.098195,0.0965472,0.10058,0.109307
0.0951285,0.100277,0.0919043,0.107397,0.095979,0.102462,0.0987626,0.0971149,0.102179,0.108796
0.0973895,0.0946103,0.0947134,0.106939,0.0929861,0.104259,0.101799,0.0972393,0.101759,0.108306
0.0991114,0.0937523,0.096368,0.105382,0.0932099,0.105417,0.102834,0.0961484,0.100566,0.10721
0.0985919,0.0939536,0.0965476,0.106185,0.0930043,0.10421,0.101973,0.0972284,0.101002,0.107304
0.0960341,0.0973474,0.0922846,0.107695,0.0948948,0.102829,0.0989281,0.098548,0.103604,0.107835
0.0982235,0.0937326,0.0940514,0.107138,0.0924788,0.10474,0.102876,0.0963483,0.102137,0.108275
0.0977855,0.0925189,0.0931608,0.107371,0.0928446,0.108627,0.102589,0.094312,0.101082,0.10971
0.0933271,0.095039,0.0888485,0.108694,0.0940312,0.110753,0.099893,0.0928599,0.104392,0.112162
0.0959375,0.0941311,0.0899031,0.107673,0.0938448,0.109415,0.0997491,0.095524,0.103712,0.11011
0.095152,0.0949132,0.0915658,0.108792,0.0935081,0.108699,0.101422,0.0929682,0.102481,0.110499
0.0918488,0.100752,0.0916571,0.107696,0.0970065,0.10443,0.100222,0.0924405,0.10281,0.111136
0.0911267,0.104501,0.0913137,0.10611,0.0985285,0.101692,0.0994381,0.0924474,0.102403,0.11244
0.0901233,0.109105,0.0913125,0.103178,0.102204,0.0981268,0.100796,0.0918946,0.102208,0.111051
0.0897699,0.108012,0.0909466,0.104323,0.102045,0.098317,0.101458,0.0915948,0.102483,0.111051
0.0945513,0.102805,0.0956091,0.103125,0.0998101,0.0995839,0.100981,0.0956016,0.101572,0.10636
0.093362,0.104538,0.095334,0.102749,0.100967,0.0970565,0.102232,0.095531,0.102106,0.106125
0.0928888,0.104705,0.0946289,0.103728,0.101032,0.0962728,0.101668,0.0967426,0.102507,0.105826
0.0931161,0.105098,0.0948095,0.102553,0.10118,0.097203,0.102431,0.0943031,0.102004,0.107303
0.0929088,0.104788,0.0945764,0.103275,0.100738,0.0966602,0.10149,0.0955133,0.102613,0.107437
0.0934924,0.101891,0.0946516,0.106236,0.0981598,0.0950144,0.0993815,0.100045,0.104033,0.107096
0.0956267,0.100955,0.0958391,0.105444,0.0973631,0.0963135,0.0984096,0.101618,0.103247,0.105184
0.0992182,0.099797,0.0969672,0.10568,0.0960853,0.0984118,0.0944603,0.106076,0.101876,0.101428
0.0996525,0.0988791,0.0975493,0.105937,0.0954198,0.0988451,0.0964057,0.104273,0.10119,0.101848
0.0989309,0.0979063,0.0972744,0.106881,0.0948294,0.0985758,0.0980871,0.101954,0.101403,0.104158
0.0963289,0.0998402,0.0961488,0.107114,0.0966277,0.096845,0.0984647,0.101132,0.102369,0.105131
0.100489,0.0975117,0.0985714,0.105106,0.0948131,0.0993196,0.0981686,0.10245,0.10086,0.10271
0.100204,0.0979415,0.0977832,0.105228,0.0957778,0.0999716,0.0966179,0.103583,0.101145,0.101747
0.0997482,0.099131,0.0971345,0.105274,0.0970988,0.100199,0.0976191,0.102206,0.100343,0.101246
0.0983827,0.0979661,0.0930608,0.107072,0.0954797,0.10244,0.0962083,0.102463,0.102282,0.104645
0.0962479,0.0971841,0.090625,0.109411,0.0948471,0.103446,0.0968554,0.10022,0.103043,0.108119
0.0929768,0.102146,0.090268,0.109569,0.0977615,0.100697,0.0965625,0.0983172,0.102723,0.108978
0.0905958,0.104348,0.0883222,0.109571,0.0988251,0.101586,0.0968344,0.0955878,0.102885,0.111444
0.0878941,0.107441,0.084739,0.110841,0.0999643,0.102146,0.0958622,0.0938711,0.102729,0.114513
0.0904982,0.103053,0.0863039,0.106318,0.0990673,0.103196,0.0995979,0.092803,0.105123,0.11404
0.091974,0.100894,0.0871189,0.105364,0.0979569,0.103511,0.100059,0.0941583,0.105876,0.113088
0.0905585,0.104014,0.0886808,0.104212,0.0993904,0.102579,0.100697,0.0922811,0.104279,0.113308
0.0909142,0.101032,0.0847733,0.105296,0.0961823,0.106787,0.0990126,0.0933152,0.106964,0.115723
0.0946921,0.0970245,0.0907516,0.107224,0.0940176,0.104054,0.0992121,0.09834,0.104947,0.109737
0.0962866,0.0966926,0.0932651,0.10683,0.0943943,0.103104,0.0992459,0.0990966,0.103607,0.107478
0.0997477,0.097014,0.098891,0.103202,0.096647,0.100988,0.100514,0.0992451,0.100798,0.102953
0.0991128,0.0964133,0.0985017,0.104137,0.0959662,0.100904,0.101812,0.0978545,0.101226,0.104073
0.0994497,0.0966383,0.0983553,0.103893,0.0958798,0.100943,0.101271,0.0986348,0.101252,0.103683
0.098842,0.0988139,0.0975463,0.103068,0.0976664,0.0993432,0.10239,0.09788,0.100642,0.103808
0.0979274,0.100644,0.0957625,0.103014,0.0986829,0.0999102,0.101872,0.0968148,0.100224,0.105148
0.0979582,0.10205,0.0955329,0.102631,0.100827,0.0991613,0.101209,0.0973749,0.0988102,0.104445
0.0997043,0.100621,0.0956127,0.103449,0.100625,0.0990222,0.0996586,0.100386,0.0979704,0.102951
0.0990136,0.100613,0.0973681,0.102168,0.0995242,0.0998453,0.101454,0.0974408,0.0987746,0.103798
0.0981303,0.101721,0.0959137,0.102778,0.0998804,0.100156,0.1017,0.0958317,0.0981819,0.105706
0.100617,0.0981406,0.0982517,0.102385,0.0980195,0.100438,0.101805,0.0985386,0.098603,0.103201
0.0995089,0.100022,0.0982685,0.101705,0.0992697,0.0999355,0.101358,0.0979927,0.0990843,0.102855
0.0997528,0.0990359,0.0984157,0.102102,0.0983701,0.0991179,0.101078,0.0993981,0.100326,0.102403
0.0982033,0.101533,0.0974095,0.101912,0.100393,0.0992446,0.100546,0.0980222,0.100159,0.102578
0.0975712,0.104478,0.095894,0.100507,0.102666,0.100135,0.0997423,0.0959585,0.0990218,0.104026
0.0986251,0.100912,0.0980793,0.103222,0.100413,0.0991938,0.098806,0.100159,0.0999006,0.10069
0.098306,0.0999425,0.097743,0.104158,0.0993532,0.100687,0.0991741,0.0999166,0.0996667,0.101053
0.0985425,0.100796,0.097907,0.10154,0.0990605,0.10137,0.099295,0.0987555,0.100282,0.102451
0.0971592,0.102677,0.0948321,0.102298,0.0993954,0.101727,0.100037,0.096133,0.0997602,0.105981
0.0956126,0.102501,0.0921415,0.105005,0.0977303,0.102283,0.100192,0.095071,0.100286,0.109177
0.095726,0.104422,0.0909978,0.103864,0.0989653,0.102755,0.0994384,0.0945633,0.0997831,0.109485
0.0946151,0.102519,0.0919773,0.105482,0.096847,0.103319,0.10019,0.0937927,0.100304,0.110955
0.0971864,0.100066,0.0950386,0.104366,0.0953479,0.102704,0.10072,0.0957402,0.100649,0.108183
0.0952495,0.0964947,0.0909729,0.11059,0.0924235,0.102528,0.102766,0.0949799,0.102882,0.111114
0.0985674,0.0945915,0.095096,0.108863,0.0918133,0.102479,0.101071,0.0983183,0.101393,0.107807
0.096566,0.0961181,0.0925451,0.110107,0.0923577,0.101918,0.102282,0.0979943,0.101648,0.108463
0.0949927,0.0976357,0.0913565,0.111838,0.0924184,0.100405,0.10111,0.0994539,0.10266,0.10813
0.095022,0.100865,0.0922018,0.109405,0.0949623,0.100144,0.0979511,0.100711,0.101751,0.106988
0.0982707,0.0988264,0.0935696,0.1059,0.0953653,0.101511,0.0997287,0.0995989,0.100747,0.106482
0.0967099,0.0991882,0.0920662,0.107787,0.0950094,0.100356,0.09818,0.102643,0.102709,0.105351
0.0998537,0.0975444,0.095326,0.10416,0.095074,0.102434,0.101825,0.0983181,0.0998642,0.105601
0.100334,0.0980569,0.0954788,0.10382,0.0960555,0.101861,0.100915,0.0997074,0.0996119,0.104159
0.0985593,0.0997502,0.0912616,0.10572,0.0964587,0.103249,0.0989559,0.0994738,0.0991575,0.107415
0.0991183,0.100255,0.0943625,0.103109,0.0979224,0.102123,0.0991969,0.0997622,0.0995042,0.104646
0.0990949,0.099456,0.0935258,0.10447,0.0975243,0.102026,0.0990411,0.10016,0.0993883,0.105313
0.100043,0.099275,0.0959898,0.102967,0.0980712,0.101134,0.0994831,0.100822,0.0994661,0.102749
0.0998806,0.0997981,0.0966254,0.102766,0.0988212,0.0993808,0.0995573,0.101116,0.0997429,0.102311
0.0996919,0.0992764,0.096358,0.103564,0.0982973,0.098981,0.100361,0.101041,0.100338,0.10209
0.0990617,0.0974614,0.0952793,0.105298,0.0965051,0.0998082,0.102487,0.0988005,0.100643,0.104657
0.0999385,0.0973444,0.0992977,0.102192,0.0972755,0.100332,0.102271,0.0982027,0.100706,0.10244
0.0997147,0.0997652,0.098299,0.101675,0.099845,0.100145,0.100281,0.0994759,0.0993829,0.101416
0.0967137,0.101749,0.0945356,0.103449,0.0994131,0.10221,0.0996854,0.096543,0.0994612,0.10624
0.0920504,0.104058,0.0919596,0.104756,0.0991452,0.101302,0.101941,0.0913006,0.10119,0.112296
0.0972328,0.101498,0.0956643,0.102768,0.0998932,0.101014,0.100476,0.0967348,0.0994053,0.105314
0.0960695,0.102133,0.0942612,0.103185,0.0997973,0.10193,0.0999117,0.0961576,0.0998059,0.106749
0.0940289,0.103238,0.0919176,0.103887,0.100207,0.103247,0.101582,0.0917961,0.0993027,0.110794
0.0950744,0.101285,0.0928387,0.10463,0.0984872,0.103786,0.10109,0.0928196,0.0995205,0.110469
0.095642,0.100759,0.0946256,0.10379,0.0988563,0.102427,0.102841,0.0924499,0.0996843,0.108926
0.0938081,0.109743,0.091883,0.100821,0.104961,0.0991642,0.0996589,0.0928906,0.0988205,0.10825
0.0964168,0.104077,0.095613,0.102175,0.100419,0.0988023,0.0976589,0.0991039,0.101134,0.1046
0.098182,0.0990125,0.0977604,0.104531,0.0968898,0.0980407,0.0986214,0.101,0.101862,0.1041
0.0975799,0.102309,0.0972142,0.101773,0.0995325,0.0992524,0.0984933,0.0989926,0.101136,0.103716
0.0967881,0.104361,0.0941582,0.103536,0.101017,0.100231,0.0977565,0.0987087,0.100077,0.103366
0.0968833,0.106356,0.0924788,0.102575,0.102552,0.101541,0.0962852,0.0986606,0.0992959,0.103373
0.0963356,0.103978,0.0948726,0.104199,0.100392,0.0990957,0.096981,0.100577,0.101022,0.102547
0.0959615,0.104878,0.0937531,0.104195,0.100557,0.0998227,0.0965914,0.0998304,0.100836,0.103574
0.0981729,0.101989,0.0975588,0.10389,0.100465,0.0988384,0.0955965,0.103766,0.100619,0.0991037
0.0966815,0.102123,0.0951138,0.104643,0.0994414,0.10023,0.0980343,0.0996124,0.100857,0.103264
0.0981571,0.101542,0.097403,0.103141,0.0993604,0.0986578,0.0969146,0.102633,0.101223,0.100969
0.0991463,0.10081,0.0978796,0.102658,0.0990936,0.0992487,0.0977339,0.102069,0.100658,0.100703
0.098326,0.102114,0.0978841,0.101668,0.10022,0.0995018,0.0983865,0.100532,0.100498,0.100868
0.0989711,0.101268,0.0971025,0.102088,0.0994089,0.0995955,0.0987984,0.100866,0.100553,0.101348
0.0994306,0.100577,0.098544,0.101707,0.0994121,0.099462,0.0982817,0.101559,0.100538,0.100488
0.0979782,0.101499,0.0972716,0.103188,0.0995321,0.0985238,0.0977301,0.101955,0.101123,0.1012
0.09959,0.101126,0.098059,0.10222,0.0993168,0.0995328,0.0967562,0.10328,0.100544,0.0995752
0.0988778,0.100493,0.0980866,0.102825,0.0987071,0.0988996,0.0972626,0.102421,0.10118,0.101247
0.0987952,0.100964,0.0981111,0.102233,0.098742,0.0990328,0.0966452,0.102743,0.101264,0.10147
0.0965213,0.104287,0.0957473,0.102594,0.0996891,0.0986509,0.0957546,0.101744,0.10156,0.103453
0.0966207,0.104537,0.0945021,0.102917,0.100434,0.0999629,0.0966934,0.100134,0.100411,0.103787
0.0966462,0.105868,0.0916402,0.102388,0.101178,0.101491,0.0978592,0.0974428,0.0992882,0.106199
0.0976342,0.107504,0.0918018,0.1001,0.103049,0.101474,0.0974525,0.0964093,0.0983718,0.106202
0.0961776,0.10874,0.0880387,0.102164,0.103619,0.101679,0.0983148,0.0943631,0.097338,0.109566
0.0970233,0.10781,0.0898212,0.101515,0.103507,0.100877,0.0982921,0.0953441,0.0975015,0.108309
0.0954205,0.108155,0.0875593,0.103804,0.102285,0.102238,0.0974127,0.0957474,0.0983398,0.109039
0.0974256,0.106355,0.0914187,0.101382,0.103074,0.100957,0.0996882,0.0947995,0.0973504,0.10755
0.0970941,0.106101,0.0927331,0.101533,0.103469,0.100664,0.0994858,0.0953039,0.0977698,0.105847
0.0970758,0.103723,0.093514,0.102495,0.100779,0.101149,0.100096,0.0961553,0.0988359,0.106177
0.0978147,0.10257,0.0965396,0.101407,0.100865,0.100496,0.100434,0.0968326,0.0994676,0.103574
0.0976021,0.103352,0.0956455,0.100445,0.100767,0.100549,0.101158,0.0957766,0.100008,0.104695
0.0963142,0.105976,0.0949522,0.100478,0.103355,0.0989589,0.0999454,0.0969654,0.100205,0.10285
0.0960189,0.105241,0.093983,0.100921,0.101485,0.0998167,0.100812,0.0958528,0.101179,0.10469
0.0931272,0.105032,0.0961363,0.102086,0.103184,0.0965432,0.100887,0.0967043,0.102123,0.104177
0.0893849,0.1085,0.0942606,0.103535,0.105033,0.0952816,0.100517,0.0954336,0.10233,0.105724
0.0908069,0.106237,0.0962075,0.102974,0.104138,0.0955393,0.100829,0.0963265,0.102738,0.104205
0.0909616,0.106791,0.0953445,0.103357,0.103844,0.0959483,0.100229,0.0962801,0.102124,0.105119
0.0927976,0.104525,0.0965982,0.102959,0.102389,0.096582,0.101297,0.0964639,0.101862,0.104526
0.0935294,0.104552,0.0959338,0.102205,0.101929,0.0970083,0.10228,0.0960195,0.101864,0.104679
0.0943074,0.105333,0.0958295,0.101961,0.102808,0.0976976,0.1002,0.0977329,0.100645,0.103486
0.0934093,0.106889,0.093864,0.102168,0.102215,0.0974798,0.100491,0.0970886,0.101362,0.105033
0.0956073,0.106335,0.0925671,0.103205,0.100529,0.0984191,0.0986167,0.099751,0.10055,0.10442
0.0977688,0.103595,0.0940482,0.105425,0.0987223,0.0982034,0.0935314,0.10638,0.101715,0.100612
0.0978775,0.103383,0.0941406,0.10526,0.098875,0.0983315,0.0940078,0.105582,0.101573,0.100969
0.0952277,0.105251,0.0928786,0.10602,0.100254,0.097301,0.0944592,0.103363,0.102109,0.103137
0.0935328,0.106849,0.090906,0.106325,0.101338,0.0987369,0.0958675,0.099737,0.101069,0.10564
0.0905021,0.109294,0.0876461,0.109813,0.101772,0.0971842,0.0931421,0.100838,0.102408,0.1074
0.0922416,0.106759,0.0896933,0.108312,0.101315,0.0975829,0.0952605,0.100528,0.102537,0.105772
0.0937832,0.106432,0.0917433,0.106143,0.101295,0.0974228,0.0962435,0.100643,0.102035,0.104258
0.0943728,0.104025,0.0911839,0.10715,0.0999934,0.098882,0.0962924,0.100679,0.102212,0.10521
0.0919376,0.103767,0.0883058,0.105197,0.100338,0.102185,0.0978601,0.0960936,0.104155,0.110161
0.094742,0.102379,0.0878345,0.104543,0.0982854,0.102908,0.0968431,0.099191,0.104537,0.108738
0.0936535,0.100824,0.0854923,0.106781,0.0968842,0.104539,0.0959748,0.0989286,0.105706,0.111216
0.0949386,0.100815,0.0857891,0.10681,0.0969775,0.104918,0.0960823,0.100488,0.104627,0.108555
0.0947374,0.100765,0.0863759,0.108358,0.0960621,0.104159,0.096291,0.100824,0.10399,0.108437
0.0940004,0.0995911,0.0861378,0.11016,0.0948005,0.104309,0.0962879,0.100297,0.104728,0.109689
0.0947595,0.104473,0.0892497,0.107388,0.0984231,0.100428,0.0957171,0.100425,0.101979,0.107158
0.0946643,0.105,0.0872224,0.106505,0.0981593,0.1024,0.0971687,0.0988529,0.10182,0.108208
0.094109,0.104363,0.0870937,0.107609,0.0974223,0.102613,0.0978428,0.0979198,0.101056,0.109971
0.0932441,0.1044,0.0856264,0.108182,0.0972804,0.102973,0.0965657,0.0978789,0.101824,0.112025
0.0950064,0.103462,0.0887447,0.106261,0.0979346,0.101493,0.0962685,0.100008,0.10221,0.108612
0.0968466,0.10287,0.091497,0.104811,0.0984605,0.101301,0.0974282,0.100126,0.100509,0.106151
0.0978605,0.10215,0.0950179,0.102897,0.0993072,0.100598,0.0985726,0.0997896,0.10017,0.103637
0.0975884,0.102042,0.0944605,0.103539,0.0987016,0.101157,0.098479,0.0992203,0.0999852,0.104827
0.0989174,0.0994743,0.0964322,0.103717,0.0979224,0.0996487,0.0993525,0.101304,0.101405,0.101827
0.0977268,0.100101,0.0961024,0.10392,0.0980365,0.100649,0.0995364,0.0988565,0.100758,0.104314
0.0991377,0.0988121,0.0976723,0.103085,0.0972828,0.100597,0.100495,0.0989873,0.100293,0.103637
0.0973215,0.101322,0.0972616,0.102253,0.0984488,0.100319,0.0997706,0.0978517,0.10106,0.104392
0.0975152,0.104395,0.0954175,0.100332,0.101488,0.100042,0.100238,0.0960511,0.0999096,0.104611
0.0975181,0.104281,0.0962596,0.0998641,0.101684,0.0997149,0.100653,0.0959121,0.100504,0.103608
0.0978675,0.103243,0.097356,0.100554,0.101215,0.0996255,0.0994319,0.0984322,0.100297,0.101978
0.0985104,0.102301,0.097946,0.100549,0.100408,0.0998342,0.099475,0.0989634,0.100342,0.10167
0.0990215,0.101526,0.0968046,0.101302,0.0994903,0.0998066,0.0998484,0.0996459,0.101014,0.101541
0.0981818,0.100369,0.096121,0.103325,0.0978096,0.100278,0.0994435,0.0992942,0.101833,0.103345
0.0973683,0.100754,0.0956649,0.103503,0.0978863,0.100476,0.100398,0.097558,0.101794,0.104598
0.0969553,0.10271,0.0958257,0.102813,0.0988167,0.099099,0.0989579,0.099597,0.101815,0.10341
0.0986165,0.100351,0.0975365,0.102003,0.0982819,0.100064,0.100655,0.098987,0.100966,0.102538
0.0972586,0.0990736,0.0951389,0.105172,0.0959898,0.101235,0.101271,0.0975761,0.101599,0.105686
0.0974936,0.101018,0.0949982,0.103152,0.0973099,0.102716,0.100343,0.0965759,0.0999701,0.106424
0.0960761,0.101524,0.0935215,0.104588,0.0965538,0.102953,0.100084,0.0957209,0.100636,0.108343
0.0976759,0.0994959,0.0962425,0.103851,0.0965015,0.101992,0.100816,0.0968954,0.100749,0.105782
0.0989983,0.0989784,0.0977721,0.10357,0.0975998,0.100389,0.0999637,0.0997056,0.100449,0.102573
0.0999486,0.0984607,0.0992957,0.102717,0.0974603,0.099627,0.100258,0.100524,0.100714,0.100994
0.0983983,0.101445,0.097485,0.102369,0.099871,0.0991209,0.0995331,0.100171,0.100391,0.101216
0.0962283,0.101725,0.0974611,0.102484,0.100533,0.0973354,0.102362,0.0987235,0.101443,0.101706
0.0976163,0.102362,0.0955935,0.100894,0.10011,0.100431,0.10199,0.0981483,0.100742,0.102113
0.095048,0.103751,0.0965276,0.101578,0.102033,0.0970985,0.101964,0.0971096,0.10185,0.10304
0.0965033,0.101968,0.0979371,0.102018,0.100317,0.0981408,0.0998057,0.0989992,0.101489,0.102822
0.0968498,0.103021,0.0968073,0.101087,0.100475,0.0984594,0.101394,0.0976401,0.101372,0.102895
0.0962775,0.102705,0.0973059,0.101513,0.100669,0.0981769,0.100096,0.0983809,0.101523,0.103353
0.0958587,0.103598,0.0973523,0.101167,0.101134,0.0984886,0.100001,0.0981304,0.101324,0.102946
0.0953137,0.103842,0.0966993,0.101533,0.101191,0.0981028,0.100432,0.0975985,0.101562,0.103725
0.0973849,0.1026,0.0976046,0.101274,0.100367,0.0991225,0.0992788,0.0993162,0.100518,0.102534
0.0985205,0.102233,0.0983061,0.100348,0.100029,0.100218,0.099413,0.0986693,0.100197,0.102066
0.0981793,0.102446,0.0962718,0.102137,0.10094,0.101619,0.0973666,0.0997103,0.0999927,0.101337
0.0974082,0.104474,0.0951541,0.101757,0.100985,0.100384,0.09742,0.0992453,0.0999721,0.103202
0.0962178,0.105104,0.0927984,0.103416,0.100522,0.101333,0.0970149,0.0987727,0.0994693,0.105351
0.0969636,0.103521,0.0940884,0.102428,0.100535,0.100705,0.0990425,0.0982332,0.100072,0.104412
0.0988211,0.10139,0.0975085,0.100958,0.0996099,0.0997244,0.0993962,0.100111,0.101005,0.101476
0.0984016,0.102859,0.0971241,0.100768,0.100393,0.100523,0.098707,0.098965,0.100165,0.102094
0.0983939,0.101464,0.0979396,0.10091,0.0998325,0.100499,0.0996988,0.0986687,0.100209,0.102385
0.09909,0.100616,0.09787,0.101594,0.0997503,0.100752,0.0989927,0.100162,0.100221,0.100953
0.0986613,0.102321,0.097445,0.101084,0.0995418,0.099881,0.098556,0.100221,0.100623,0.101667
0.0988569,0.102041,0.098021,0.100265,0.0993515,0.100044,0.0990199,0.099805,0.10072,0.101876
0.0978278,0.101685,0.0960565,0.100959,0.0988699,0.101876,0.100023,0.097553,0.100861,0.10429
0.0985531,0.103083,0.0960799,0.100956,0.0985952,0.0998248,0.098361,0.100633,0.101156,0.102758
0.098294,0.103653,0.0952941,0.101276,0.0983002,0.0997348,0.0978135,0.101022,0.101391,0.103222
0.0984071,0.103507,0.0951855,0.10207,0.0983193,0.0995495,0.0969208,0.102191,0.101371,0.102479
0.0988295,0.102746,0.0950216,0.104205,0.0984626,0.0989284,0.0947167,0.105382,0.101235,0.100474
0.0992268,0.102155,0.0954991,0.102704,0.0979615,0.099007,0.0959968,0.104465,0.101593,0.101392
0.0994097,0.101785,0.0962483,0.102034,0.0983973,0.0992631,0.0971772,0.103208,0.101165,0.101311
0.0986787,0.10184,0.0972696,0.102541,0.099189,0.0989187,0.0960594,0.103824,0.101317,0.100362
0.0990507,0.101154,0.0977486,0.101797,0.0993058,0.0989614,0.0971436,0.102934,0.101124,0.100781
0.099014,0.102004,0.0962077,0.102131,0.0984621,0.0990658,0.0965186,0.103447,0.101424,0.101725
0.098678,0.102522,0.0952479,0.104377,0.0980348,0.0984498,0.0932441,0.107171,0.101966,0.10031
0.0990309,0.1012,0.0968374,0.103869,0.0981192,0.0986536,0.0944427,0.105671,0.101685,0.100491
0.098365,0.101108,0.0971037,0.104164,0.0986078,0.0984983,0.0961774,0.10364,0.101338,0.100998
0.0977434,0.10161,0.0966229,0.103877,0.0995184,0.0985426,0.0984234,0.100914,0.100849,0.1019
0.097562,0.102293,0.0957267,0.10283,0.0994555,0.0985274,0.0987385,0.10001,0.101185,0.103671
0.0981107,0.101461,0.0967901,0.102953,0.0994814,0.0987386,0.0988474,0.100576,0.100907,0.102134
0.0983591,0.101312,0.0967892,0.10257,0.0993102,0.0988004,0.0989955,0.100587,0.100912,0.102364
0.0984961,0.101214,0.0974121,0.10199,0.0993357,0.0997075,0.0992839,0.100175,0.100536,0.10185
0.0978168,0.101373,0.0950652,0.103788,0.0992322,0.100449,0.0977277,0.100708,0.100851,0.102988
0.0997221,0.0996026,0.098552,0.102139,0.0980214,0.0995215,0.0994417,0.100781,0.100586,0.101634
0.0982065,0.100144,0.0970828,0.103259,0.0981527,0.100372,0.0990492,0.100689,0.100803,0.102242
0.0988605,0.100782,0.0966806,0.102838,0.0989578,0.0998966,0.0983921,0.100943,0.100732,0.101918
0.0976717,0.0999605,0.0934987,0.103357,0.098968,0.102569,0.0974856,0.100572,0.10213,0.103786
0.0974127,0.100634,0.0957816,0.104235,0.0988132,0.101148,0.0976515,0.100009,0.1011,0.103216
0.0971844,0.10023,0.0953101,0.106123,0.0983812,0.101299,0.0968218,0.10063,0.100864,0.103156
0.0974222,0.103138,0.0950697,0.103736,0.100802,0.101486,0.096451,0.099831,0.0998577,0.102206
0.0975001,0.102337,0.0956358,0.103942,0.100061,0.10155,0.0952347,0.100465,0.100268,0.103006
0.0967147,0.101153,0.0951701,0.107104,0.0987174,0.100465,0.0969292,0.100336,0.100482,0.102929
0.0977976,0.100582,0.0960779,0.106815,0.0981114,0.0992819,0.097,0.102059,0.100525,0.10175
0.0964826,0.104752,0.0944471,0.10412,0.10239,0.101022,0.0963528,0.0981042,0.0995866,0.102743
0.0971928,0.103513,0.0950066,0.104287,0.101866,0.100796,0.0973407,0.0982114,0.0993883,0.102399
0.096363,0.105246,0.0939825,0.103083,0.101868,0.0994035,0.0987676,0.0969338,0.0989826,0.10537
0.0958673,0.10541,0.0928155,0.102439,0.101411,0.101046,0.0994725,0.0955234,0.0987118,0.107303
0.0965254,0.104647,0.0959259,0.100631,0.101591,0.100158,0.0995654,0.0968087,0.100317,0.103831
0.098557,0.101642,0.0983184,0.100743,0.100318,0.0996322,0.0996226,0.0990029,0.100197,0.101967
0.0972752,0.103451,0.0974629,0.100757,0.10111,0.0995461,0.099315,0.0979341,0.100527,0.102622
0.0978222,0.101129,0.0980623,0.102331,0.0997267,0.0990624,0.0992256,0.0994321,0.100855,0.102353
0.0966207,0.103265,0.0970661,0.100965,0.100763,0.0988507,0.100226,0.0971369,0.101146,0.103961
0.0978244,0.10163,0.0976153,0.101655,0.100022,0.0998161,0.101096,0.0985825,0.0998718,0.101888
0.0982786,0.102061,0.0966823,0.101988,0.100391,0.0999939,0.099367,0.0984997,0.10025,0.102489
0.097447,0.102877,0.0952509,0.102824,0.100122,0.100597,0.0986153,0.098337,0.100229,0.1037
0.0978376,0.10275,0.0972338,0.102753,0.100364,0.099187,0.0971983,0.101689,0.100603,0.100384
0.0975706,0.101798,0.0954536,0.106216,0.0990384,0.0991593,0.09695,0.102066,0.100421,0.101328
0.0964017,0.104784,0.0940894,0.103469,0.102291,0.0997459,0.0982989,0.0978917,0.099789,0.103239
0.0966114,0.105737,0.092739,0.103426,0.102288,0.100958,0.0964208,0.0988467,0.0993516,0.103621
0.096444,0.105807,0.0908327,0.104143,0.102184,0.10084,0.0971875,0.0978133,0.0993586,0.10539
0.0948135,0.107723,0.0903662,0.10375,0.102754,0.101333,0.0980873,0.0955613,0.0984505,0.10716
0.0948623,0.107347,0.0904581,0.103609,0.101935,0.101653,0.0981195,0.0957739,0.0986545,0.107588
0.0964892,0.104085,0.0935056,0.102619,0.0994503,0.101937,0.0986893,0.0973273,0.0998623,0.106036
0.0969958,0.101052,0.0943793,0.104529,0.0977658,0.101672,0.0990706,0.0981663,0.1008,0.105568
0.0990371,0.0982797,0.0963592,0.104147,0.0971546,0.102275,0.0994348,0.0993436,0.100376,0.103593
0.097447,0.0983867,0.0931642,0.106545,0.0961235,0.104556,0.0998193,0.0967798,0.0997287,0.10745
0.0923716,0.102507,0.0896309,0.107302,0.0957987,0.103722,0.101869,0.0914276,0.101185,0.114186
0.093807,0.0987555,0.0900001,0.108859,0.0929985,0.104449,0.100673,0.0937111,0.103156,0.113591
0.0951211,0.0998868,0.0919823,0.106229,0.0949159,0.103441,0.102029,0.0937093,0.101579,0.111107
0.0957641,0.0981947,0.0938997,0.104938,0.0941456,0.105844,0.103128,0.0924484,0.100295,0.111342
0.096443,0.0996993,0.0942586,0.104435,0.0963565,0.104295,0.100538,0.0947694,0.100381,0.108824
0.0983182,0.0969233,0.095493,0.105044,0.0959563,0.102272,0.102837,0.0960991,0.100703,0.106354
0.097899,0.102691,0.0949506,0.103006,0.100848,0.100126,0.0993856,0.0979879,0.0982653,0.104841
0.097799,0.0991373,0.0960808,0.103494,0.0982823,0.102815,0.101775,0.0950218,0.0994076,0.106188
0.0956439,0.105239,0.0932411,0.102894,0.101006,0.101648,0.0985445,0.0956537,0.0989734,0.107157
0.0956246,0.105893,0.0931467,0.102529,0.101506,0.101545,0.098401,0.0956434,0.0989235,0.106788
0.0959866,0.105489,0.0937224,0.102615,0.101428,0.101143,0.098226,0.0965027,0.0988876,0.105999
0.0969485,0.106048,0.0942173,0.101354,0.10165,0.100966,0.098622,0.0965516,0.0986008,0.105043
0.0981412,0.105399,0.0953579,0.0997118,0.102856,0.100942,0.0992483,0.0960676,0.0982593,0.104017
0.0982858,0.103364,0.0964434,0.100656,0.101799,0.100145,0.099701,0.0970242,0.0989656,0.103616
0.0983606,0.102179,0.0968812,0.101978,0.100592,0.100144,0.098194,0.0995131,0.0997642,0.102395
0.0957698,0.102014,0.0943243,0.105464,0.0984965,0.0996934,0.0973632,0.0995564,0.101707,0.105611
0.0945425,0.100813,0.0938417,0.106679,0.0956121,0.0988605,0.09889,0.0979272,0.103176,0.109659
0.0978259,0.100892,0.0938849,0.104441,0.0980594,0.100098,0.0977714,0.101019,0.100431,0.105577
0.0911024,0.105988,0.0886709,0.106178,0.0985327,0.100365,0.101499,0.0919638,0.100752,0.114946
0.088639,0.109912,0.0879146,0.10566,0.100615,0.0987996,0.101368,0.0905266,0.101158,0.115407
0.0903281,0.108225,0.0879457,0.105623,0.0999223,0.100384,0.100863,0.091582,0.100355,0.114771
0.0927443,0.104957,0.0932038,0.104172,0.098718,0.0983653,0.100548,0.0944984,0.102454,0.110339
0.0945571,0.102505,0.0943375,0.104378,0.0979632,0.0994663,0.0997908,0.096375,0.102448,0.108179
0.0940437,0.101616,0.0906153,0.105429,0.0967073,0.101414,0.0996273,0.0965414,0.104381,0.109625
0.0957505,0.0974081,0.0922651,0.106844,0.0943493,0.102998,0.100181,0.098222,0.103816,0.108166
0.097409,0.0941663,0.0947061,0.107416,0.0928737,0.104526,0.102196,0.0967941,0.101604,0.108308
0.096866,0.0977367,0.0945849,0.104816,0.0960033,0.105183,0.101269,0.0948676,0.100696,0.107978
0.0956289,0.10595,0.0928368,0.102382,0.101523,0.102116,0.0973292,0.0969837,0.100283,0.104968
0.095205,0.105356,0.094122,0.102361,0.102116,0.0990433,0.0997495,0.0971098,0.100886,0.104052
0.098789,0.0990463,0.0972201,0.103351,0.098014,0.102544,0.099979,0.0981938,0.0999263,0.102937
0.0985483,0.101958,0.0977334,0.101618,0.0997577,0.0997002,0.0995936,0.0998153,0.100198,0.101077
0.0983284,0.101808,0.0972132,0.102045,0.0995746,0.101362,0.0989633,0.099016,0.0999834,0.101707
0.097102,0.102916,0.0955566,0.101945,0.0996081,0.102473,0.0985871,0.0976085,0.10018,0.104024
0.0954313,0.104741,0.092803,0.103283,0.0997535,0.102955,0.097162,0.0966994,0.0992337,0.107939
0.0956626,0.106595,0.0945743,0.101998,0.101568,0.0996944,0.0975406,0.098318,0.0991567,0.104892
0.0940609,0.106246,0.0956112,0.102282,0.102419,0.0980333,0.0978092,0.0988311,0.100789,0.103918
0.0898366,0.109732,0.0931899,0.103685,0.104725,0.095879,0.0982128,0.0971269,0.101642,0.10597
0.0916793,0.10667,0.0948671,0.103918,0.102598,0.0962351,0.0992969,0.0972355,0.102182,0.105318
0.095293,0.103601,0.0972918,0.102147,0.100299,0.0983541,0.100489,0.0971259,0.101482,0.103916
0.0965657,0.103195,0.0975596,0.101729,0.100116,0.0987906,0.0989592,0.0990846,0.101302,0.102698
0.097922,0.0999997,0.0978578,0.101523,0.0974848,0.102887,0.100553,0.0960996,0.100669,0.105005
0.0970559,0.101067,0.0976909,0.102147,0.0982841,0.100102,0.100214,0.0975111,0.101947,0.10398
0.0976333,0.100186,0.0980249,0.101963,0.0976058,0.101173,0.100874,0.096747,0.101356,0.104438
0.0990142,0.0973278,0.0980729,0.103638,0.0960939,0.10134,0.100741,0.098523,0.101651,0.103598
0.10013,0.0970899,0.0988265,0.103092,0.0963294,0.100739,0.100485,0.0999784,0.101076,0.102254
0.0983982,0.0999959,0.0981695,0.102339,0.0985139,0.0980284,0.100207,0.100571,0.102258,0.101519
0.0972632,0.10082,0.0953202,0.103223,0.0985732,0.100178,0.0996565,0.0990643,0.102161,0.103741
0.0975627,0.102392,0.0972604,0.101094,0.100362,0.0988684,0.0997418,0.0994318,0.101075,0.102212
0.0960938,0.10337,0.096918,0.101962,0.100274,0.0979935,0.0988183,0.0998068,0.102101,0.102662
0.0952319,0.103883,0.0975142,0.101546,0.101751,0.0979396,0.0988898,0.0990773,0.101701,0.102466
0.0958247,0.103732,0.0973928,0.10228,0.101973,0.09813,0.0980585,0.100312,0.100784,0.101513
0.0951735,0.104565,0.0966296,0.102099,0.102323,0.0980072,0.0984993,0.0994001,0.100592,0.102712
0.0913164,0.109151,0.0921522,0.103281,0.103887,0.0969259,0.099819,0.0956141,0.10071,0.107143
0.0903988,0.110221,0.0912991,0.103052,0.103965,0.096577,0.100787,0.0946825,0.10108,0.107937
0.0892425,0.111365,0.0904954,0.103649,0.104129,0.0961091,0.100669,0.0942714,0.101797,0.108272
0.0939764,0.10609,0.0933754,0.103695,0.10109,0.0971116,0.0979441,0.0997631,0.102471,0.104484
0.0927641,0.106859,0.0929856,0.103574,0.101368,0.0966909,0.0982891,0.0984686,0.103004,0.105996
0.0927778,0.106436,0.0933215,0.103323,0.100598,0.0974803,0.0994463,0.0963428,0.102606,0.107669
0.0943118,0.103711,0.0932835,0.105199,0.0966283,0.0972734,0.0992451,0.0979546,0.103235,0.109159
0.0949626,0.103156,0.0939404,0.105109,0.0971009,0.0973874,0.0985731,0.0989271,0.102997,0.107847
0.0943255,0.10545,0.093482,0.103253,0.100197,0.097409,0.0981977,0.0988415,0.102742,0.106102
0.0931505,0.103763,0.0926963,0.105489,0.098223,0.0960073,0.0998539,0.0974916,0.103756,0.109569
0.0918399,0.105597,0.0924352,0.104736,0.0973275,0.097129,0.102171,0.0930987,0.102925,0.112741
0.0903489,0.106725,0.0908174,0.104911,0.0983208,0.0988653,0.102559,0.0916212,0.101358,0.114474
0.0954272,0.10163,0.0933257,0.105357,0.0972306,0.101984,0.0999226,0.095995,0.10084,0.108289
0.0973413,0.104203,0.093994,0.101741,0.100401,0.102101,0.0983293,0.0973756,0.0993187,0.105194
0.09808,0.104498,0.0946875,0.100181,0.100909,0.102144,0.098659,0.0969413,0.0992383,0.104662
0.0974585,0.106236,0.092614,0.101031,0.101633,0.10233,0.0967431,0.0977253,0.0993196,0.104909
0.0981852,0.106124,0.09366,0.10023,0.102547,0.101864,0.0972938,0.0973783,0.0987085,0.10401
0.098147,0.106565,0.0933604,0.0998986,0.103325,0.10162,0.0984583,0.0960058,0.0978595,0.104761
0.0958727,0.10562,0.0908787,0.103539,0.102142,0.101906,0.0991858,0.0951745,0.0980819,0.1076
0.0937543,0.107084,0.088653,0.105143,0.10174,0.102404,0.0984442,0.0941442,0.098466,0.110168
0.0958369,0.105619,0.0926993,0.103071,0.101974,0.100059,0.0994005,0.0961433,0.0987317,0.106465
0.0978394,0.101885,0.095106,0.103136,0.101001,0.100342,0.100052,0.097703,0.0987493,0.104185
0.097052,0.0997254,0.0952431,0.103843,0.0986528,0.103195,0.101524,0.0944453,0.0995056,0.106813
0.0966295,0.0982662,0.0938496,0.105603,0.0971103,0.105205,0.0996442,0.0960415,0.101028,0.106623
0.0946823,0.0996541,0.091996,0.105239,0.0981888,0.105965,0.0996451,0.095112,0.102548,0.10697
0.0953897,0.096132,0.0922148,0.106269,0.095312,0.108434,0.09993,0.0948552,0.10259,0.108873
0.0943731,0.0968442,0.0916163,0.106311,0.0954629,0.107968,0.101016,0.093104,0.103569,0.109735
0.0954468,0.0979165,0.0924594,0.106398,0.0958421,0.106141,0.0991724,0.0956295,0.102808,0.108186
0.0900442,0.106683,0.0913941,0.105549,0.100505,0.0999132,0.0988838,0.0935094,0.102977,0.110541
0.0883423,0.108755,0.0904367,0.105188,0.101624,0.0979471,0.0998584,0.0923673,0.103405,0.112076
0.0894155,0.105136,0.087951,0.108397,0.0984452,0.10186,0.0969766,0.094219,0.104135,0.113465
0.0894447,0.105436,0.0888957,0.108853,0.0984281,0.1004,0.0979329,0.09401,0.10358,0.11302
0.0872769,0.106329,0.0868043,0.110209,0.0975464,0.100962,0.0974884,0.091869,0.104351,0.117163
0.0950844,0.0976146,0.0921777,0.107522,0.0935854,0.106201,0.10141,0.0922488,0.101292,0.112865
0.0962183,0.097598,0.0939471,0.106702,0.0950789,0.10487,0.100315,0.0949763,0.101105,0.109189
0.0949479,0.0996373,0.0930623,0.106545,0.09575,0.103379,0.0997995,0.095027,0.101816,0.110037
0.0975728,0.0958605,0.0946665,0.106978,0.094348,0.104907,0.100348,0.096366,0.101032,0.107921
0.0968971,0.0963372,0.0938306,0.107423,0.0943808,0.105439,0.0999373,0.095665,0.101028,0.109062
0.0983822,0.0945844,0.0949918,0.107629,0.0943646,0.105415,0.100841,0.0966179,0.100481,0.106693
0.0986376,0.0928183,0.0952064,0.10828,0.0930254,0.106331,0.102122,0.0955814,0.100583,0.107415
0.0972082,0.0984906,0.0943285,0.104837,0.0972531,0.104781,0.0997132,0.096535,0.10077,0.106082
0.0987486,0.0961219,0.095715,0.104683,0.095103,0.104272,0.102402,0.0960112,0.100674,0.106269
0.099011,0.0968614,0.0965504,0.103197,0.0956368,0.104361,0.101822,0.0963063,0.100384,0.105869
0.0987739,0.0979701,0.09648,0.103155,0.0963381,0.103282,0.101476,0.0966678,0.100398,0.10546
0.0944552,0.0997858,0.0911343,0.108607,0.0955111,0.100847,0.104185,0.0951337,0.101198,0.109143
0.0943862,0.10373,0.0902631,0.105898,0.0982813,0.10128,0.100981,0.0956782,0.100319,0.109184
0.0951914,0.10563,0.0894904,0.104913,0.100137,0.100189,0.0987522,0.0971209,0.0999111,0.108665
0.0953352,0.106114,0.0908809,0.104034,0.100788,0.0995216,0.0979329,0.0982151,0.099597,0.107581
0.0949909,0.104985,0.0891889,0.105814,0.0997219,0.0999043,0.0991449,0.097221,0.10009,0.10894
0.0950506,0.10485,0.0898227,0.105438,0.100055,0.100342,0.0991043,0.0970964,0.099692,0.108549
0.0958816,0.104743,0.0899012,0.105533,0.100644,0.100444,0.0982656,0.0980801,0.0996016,0.106906
0.0966479,0.104686,0.0907766,0.104192,0.101021,0.100117,0.0989833,0.0973823,0.0990327,0.107161
0.0963006,0.104891,0.089995,0.10483,0.100987,0.100216,0.0988758,0.0972085,0.0991015,0.107594
0.0972015,0.10388,0.0932117,0.104768,0.101806,0.099126,0.0969559,0.100189,0.099351,0.103511
0.0965305,0.1066,0.0930955,0.103519,0.103834,0.099345,0.0971197,0.0983545,0.0987767,0.102826
0.0965321,0.102486,0.0955786,0.104703,0.100889,0.0978521,0.098353,0.100232,0.100706,0.102669
0.0970573,0.103053,0.0954203,0.103419,0.100641,0.0987371,0.0986576,0.099076,0.100144,0.103794
0.0983603,0.100572,0.0968184,0.103175,0.0988563,0.0985034,0.099066,0.100556,0.100716,0.103376
0.0975519,0.102369,0.0954268,0.103257,0.0999871,0.100338,0.0985316,0.098752,0.0995757,0.104211
0.0980966,0.102654,0.0960202,0.102361,0.101048,0.100305,0.0983794,0.0986636,0.0991752,0.103297
0.0983356,0.103139,0.0969397,0.101142,0.10197,0.100893,0.098093,0.0981788,0.0993789,0.10193
0.0972409,0.104725,0.0952647,0.101971,0.102455,0.101172,0.0986241,0.0963639,0.0991978,0.102985
0.0970342,0.105766,0.0946407,0.10232,0.103416,0.101061,0.0964986,0.0979255,0.0991282,0.10221
0.0984983,0.103929,0.0950754,0.101132,0.102437,0.101759,0.0978863,0.0975726,0.0983153,0.103395
0.0979596,0.102891,0.0957885,0.101722,0.100749,0.100859,0.0989696,0.0982242,0.0991247,0.103712
0.0972164,0.104711,0.0953719,0.100868,0.101302,0.101431,0.0982641,0.0974953,0.0998438,0.103497
0.0964554,0.103435,0.094788,0.102312,0.100204,0.103046,0.0983502,0.0966962,0.0999383,0.104775
0.096228,0.104864,0.0941956,0.102294,0.100401,0.102167,0.0978313,0.0971647,0.0996542,0.105199
0.0967361,0.101103,0.0956325,0.102787,0.0988249,0.103254,0.0997095,0.0963311,0.100631,0.104992
0.0984155,0.100035,0.0959555,0.102549,0.0978139,0.102757,0.10018,0.0974908,0.0999555,0.104848
0.0977198,0.0959772,0.094668,0.106122,0.0943809,0.10502,0.100986,0.0957985,0.100851,0.108476
0.0966574,0.0908407,0.0930677,0.109142,0.0892791,0.109188,0.104388,0.0925431,0.100672,0.114221
0.0963554,0.091065,0.0916244,0.110755,0.0889784,0.108407,0.103548,0.0930307,0.101559,0.114676
0.097059,0.0953013,0.0926643,0.108529,0.0931351,0.103208,0.0991181,0.0989796,0.103284,0.108721
0.0972702,0.0961392,0.0922045,0.106537,0.0946634,0.103786,0.0973344,0.100309,0.103678,0.108078
0.0966092,0.096137,0.0916995,0.10685,0.0942591,0.105815,0.0985648,0.0974913,0.102847,0.109727
0.0926827,0.0978782,0.0879609,0.10592,0.0940984,0.107307,0.100004,0.0949529,0.105322,0.113873
0.0938793,0.0975104,0.0901568,0.10604,0.0946888,0.104715,0.0993577,0.0969387,0.104767,0.111946
0.0938136,0.0972048,0.0907917,0.10663,0.0933927,0.106623,0.101344,0.0940264,0.102791,0.113382
0.0946174,0.0963164,0.0899697,0.107318,0.0937038,0.104062,0.101025,0.0972434,0.10502,0.110725
0.0950437,0.097095,0.0891931,0.105924,0.0946576,0.104054,0.0991999,0.0992664,0.105976,0.10959
0.0967769,0.0985356,0.0915929,0.10476,0.0964848,0.102977,0.099281,0.0988609,0.104084,0.106647
0.0972409,0.0974118,0.0940933,0.106816,0.0955068,0.100317,0.0994573,0.10067,0.10381,0.104677
0.0961506,0.0976821,0.0907519,0.105082,0.0955416,0.103418,0.0990854,0.0997432,0.105029,0.107516
