0,1,2,3,4,5,6,7,8,9
0.100254,0.0990577,0.0969812,0.0982557,0.10115,0.100765,0.101863,0.101029,0.100728,0.0999156
0.101524,0.101145,0.0949029,0.09971,0.103498,0.0979923,0.0997566,0.101104,0.104119,0.0962477
0.101354,0.100367,0.098066,0.0996733,0.100393,0.0988489,0.0995494,0.101969,0.101738,0.0980408
0.100569,0.100419,0.0986189,0.0997176,0.101087,0.0996335,0.0993228,0.100869,0.101345,0.0984188
0.103368,0.0985213,0.0948169,0.100068,0.100089,0.0997123,0.100257,0.0997132,0.104912,0.0985415
0.102666,0.0975274,0.0941826,0.0993263,0.100727,0.10109,0.101436,0.0991837,0.10416,0.0997002
0.101532,0.100013,0.0966199,0.0989929,0.101861,0.0995131,0.0997265,0.101187,0.102958,0.0975978
0.101127,0.100147,0.0938135,0.0964745,0.10431,0.100984,0.103148,0.0993533,0.103294,0.0973476
0.101617,0.0999803,0.0940026,0.0984178,0.103388,0.0998543,0.101693,0.100482,0.103305,0.0972614
0.101774,0.100023,0.093284,0.0968515,0.104898,0.100969,0.102627,0.0986248,0.103839,0.0971085
0.101236,0.100469,0.0935364,0.0969339,0.105197,0.100481,0.102814,0.0984637,0.104157,0.0967137
0.101165,0.100742,0.0969397,0.099742,0.102776,0.0984266,0.0995912,0.100145,0.102718,0.097755
0.102785,0.10051,0.0942661,0.0995951,0.104202,0.0983392,0.0997308,0.0996023,0.104532,0.0964373
0.103184,0.0973055,0.0922628,0.0987789,0.102064,0.100952,0.101859,0.098452,0.10613,0.099011
0.102327,0.0977257,0.0930346,0.0990315,0.101955,0.100611,0.101616,0.0982261,0.106236,0.0992372
0.100694,0.100788,0.0947451,0.0974051,0.103912,0.100131,0.102704,0.0993987,0.103462,0.0967601
0.101663,0.0989228,0.0945174,0.0984884,0.101944,0.101132,0.101911,0.0996704,0.102827,0.0989243
0.104137,0.0989623,0.0919665,0.0984703,0.104123,0.100462,0.100649,0.101052,0.102789,0.0973872
0.102305,0.0985489,0.0932327,0.0994328,0.101888,0.100239,0.102055,0.0995487,0.104947,0.0978028
0.101921,0.0997011,0.0951157,0.0986622,0.103009,0.100366,0.10109,0.0997645,0.102325,0.0980455
0.101757,0.0967701,0.0906509,0.0974028,0.101912,0.101391,0.105059,0.0980339,0.108554,0.0984688
0.101414,0.100598,0.0975316,0.100121,0.10175,0.0991346,0.099482,0.1004,0.101585,0.0979838
0.101365,0.101091,0.0927798,0.0965044,0.105636,0.100188,0.103271,0.098703,0.104616,0.0958447
0.101345,0.0977607,0.0957059,0.0995399,0.100081,0.100899,0.101829,0.0991644,0.103775,0.0998999
0.0962164,0.102262,0.0996943,0.0970432,0.103143,0.0986885,0.0995613,0.100347,0.103739,0.0993037
0.0994592,0.10086,0.0976322,0.0986776,0.10324,0.0987625,0.0996928,0.0995101,0.103193,0.0989732
0.101167,0.099619,0.0929921,0.0985133,0.103256,0.099333,0.101561,0.10058,0.105551,0.0974265
0.101517,0.0993938,0.0923642,0.0954749,0.104897,0.102332,0.103227,0.0977384,0.104908,0.0981472
0.0996389,0.0998754,0.0973426,0.0985488,0.101462,0.100244,0.100296,0.100109,0.103942,0.0985423
0.101134,0.0989848,0.0959609,0.0998928,0.101305,0.100019,0.100329,0.0996183,0.103999,0.0987579
0.100729,0.0990885,0.0945881,0.0975438,0.102818,0.101179,0.101874,0.0986921,0.104306,0.0991815
0.0978606,0.101602,0.0962091,0.0977376,0.103404,0.098798,0.100286,0.101166,0.105115,0.0978219
0.100508,0.0993648,0.0952247,0.0968278,0.102111,0.101991,0.101143,0.101837,0.101843,0.09915
0.104133,0.100158,0.0916916,0.0990926,0.105473,0.098188,0.0997572,0.0993908,0.106881,0.0952351
0.100533,0.101056,0.0960667,0.099219,0.103329,0.098924,0.0983217,0.101291,0.105453,0.0958053
0.100749,0.0993476,0.0954605,0.100176,0.101466,0.0995298,0.0992689,0.0993298,0.107182,0.0974902
0.0984759,0.101631,0.0986823,0.0984457,0.103554,0.0981422,0.0983294,0.0996782,0.104028,0.0990327
0.0991953,0.100904,0.0952287,0.0984217,0.104865,0.0990187,0.0995982,0.0984842,0.106516,0.0977683
0.100448,0.100197,0.0944856,0.0992767,0.102794,0.100026,0.0995807,0.0997175,0.106015,0.0974586
0.10309,0.0994666,0.0910944,0.100129,0.104578,0.0980239,0.0997896,0.0995493,0.108755,0.0955241
0.10105,0.100088,0.0918625,0.0970602,0.106402,0.0992858,0.101381,0.0967624,0.109227,0.0968827
0.101205,0.0996521,0.0915847,0.0970931,0.105393,0.100188,0.101652,0.0973167,0.108455,0.0974608
0.0997932,0.101362,0.0948358,0.0984966,0.105538,0.0987391,0.0989397,0.0992429,0.106512,0.0965407
0.102049,0.0981141,0.0904586,0.0968156,0.103665,0.102132,0.102624,0.097751,0.108041,0.0983497
0.102461,0.100365,0.0932521,0.101368,0.103799,0.0979463,0.098279,0.0994462,0.107523,0.0955593
0.102647,0.0999297,0.0924256,0.0998032,0.103814,0.0982667,0.099043,0.0995991,0.109353,0.0951197
0.100276,0.101085,0.0940227,0.0984908,0.104443,0.0993176,0.0987691,0.0999231,0.107969,0.0957041
0.103802,0.0993285,0.0920855,0.101129,0.102367,0.0979488,0.099126,0.0994003,0.10933,0.0954829
0.103467,0.101966,0.0922174,0.0986874,0.106087,0.0970668,0.09808,0.102085,0.107553,0.0927896
0.103717,0.0986182,0.0936626,0.101488,0.101468,0.0998792,0.097032,0.101165,0.107498,0.0954726
0.101435,0.100222,0.0927434,0.100742,0.104605,0.0973313,0.0985776,0.0992131,0.109428,0.0957024
0.104278,0.0990024,0.0910841,0.102237,0.103178,0.0975025,0.0989489,0.0988404,0.109488,0.0954404
0.103372,0.0987904,0.0914398,0.10124,0.10274,0.0984505,0.0988801,0.0995718,0.110417,0.095098
0.102229,0.10087,0.0917978,0.099368,0.105299,0.0976772,0.0979095,0.101348,0.110443,0.0930578
0.105275,0.100254,0.0899026,0.100847,0.10469,0.0971828,0.0978962,0.100952,0.11054,0.0924612
0.106737,0.0964929,0.0877619,0.102902,0.101111,0.0981874,0.0999239,0.0970592,0.113638,0.0961862
0.104507,0.100684,0.0897977,0.10055,0.105959,0.0963159,0.0980474,0.100901,0.11061,0.0926291
0.107048,0.0984848,0.0893502,0.10283,0.101663,0.0973783,0.0985497,0.100139,0.11081,0.0937473
0.104738,0.100126,0.0901554,0.100579,0.104254,0.0971166,0.0982581,0.101341,0.110882,0.0925507
0.108338,0.0981973,0.08738,0.102141,0.102566,0.0972556,0.0986303,0.101073,0.112098,0.0923199
0.106355,0.0994755,0.0883854,0.101247,0.104855,0.0970383,0.0981995,0.100928,0.11134,0.0921762
0.106122,0.0987831,0.0905276,0.101122,0.100284,0.0983066,0.098524,0.102237,0.111212,0.092882
0.106354,0.0989449,0.0894932,0.101714,0.103663,0.0985564,0.0971741,0.102075,0.109496,0.0925292
0.10358,0.100536,0.0908979,0.0984814,0.104064,0.0981008,0.0979976,0.103353,0.111463,0.0915271
0.105235,0.100203,0.0898348,0.0997133,0.105535,0.0986676,0.0973702,0.10259,0.109067,0.0917846
0.10439,0.100874,0.088495,0.0987963,0.107061,0.100155,0.0979967,0.101995,0.107669,0.0925673
0.103858,0.0989949,0.0910875,0.100122,0.103741,0.0996893,0.0967327,0.103448,0.109117,0.0932102
0.0994594,0.101126,0.0922673,0.0981217,0.105299,0.100133,0.098974,0.0995179,0.109732,0.09537
0.103719,0.0987623,0.0912647,0.100951,0.10174,0.0992183,0.0974661,0.102684,0.110817,0.0933761
0.102189,0.0976526,0.0913836,0.101594,0.099454,0.0994071,0.0983188,0.101415,0.113617,0.0949694
0.104323,0.101534,0.0874836,0.0976082,0.107981,0.100213,0.0968234,0.1048,0.107039,0.0921943
0.102931,0.101796,0.0909227,0.0983244,0.106383,0.0990064,0.0965715,0.104583,0.108359,0.0911232
0.103651,0.102833,0.0886948,0.0978573,0.108723,0.0982579,0.0976999,0.102894,0.108996,0.0903938
0.10069,0.10329,0.0919421,0.0952413,0.107272,0.10059,0.0957854,0.105357,0.106965,0.0928666
0.101579,0.103907,0.0923705,0.0994714,0.106072,0.0976802,0.0960831,0.103811,0.108336,0.0906884
0.104948,0.101267,0.0904919,0.100791,0.104884,0.0990517,0.0964124,0.102829,0.106166,0.0931604
0.101788,0.10203,0.0928832,0.100465,0.104903,0.0976918,0.0970165,0.102676,0.107603,0.0929439
0.101394,0.101848,0.0928179,0.100618,0.103398,0.0982284,0.0973754,0.101877,0.109406,0.0930381
0.103902,0.102178,0.0925927,0.102729,0.104303,0.0964298,0.0953717,0.104135,0.106952,0.0914063
0.104238,0.101323,0.0896998,0.0997181,0.105734,0.099044,0.0967133,0.104383,0.107861,0.0912866
0.103184,0.101721,0.0905654,0.100757,0.10455,0.0983073,0.0972213,0.102888,0.108965,0.0918407
0.10097,0.103019,0.0923846,0.101214,0.104573,0.0964871,0.0967427,0.102994,0.110187,0.0914283
0.108859,0.102188,0.0845715,0.100369,0.109223,0.0950137,0.095806,0.106315,0.111616,0.0860393
0.110452,0.102508,0.0837761,0.101958,0.109725,0.095624,0.0942433,0.106299,0.109167,0.0862471
0.106112,0.103076,0.0885131,0.102115,0.107842,0.0947358,0.0942885,0.105077,0.10951,0.0887302
0.110203,0.100745,0.0838331,0.104726,0.106986,0.0931248,0.0956796,0.103079,0.114857,0.086767
0.110208,0.100255,0.0848544,0.105546,0.105753,0.0940963,0.0947014,0.104372,0.112887,0.0873275
0.107314,0.102735,0.0876582,0.103919,0.107541,0.0938141,0.0940263,0.10516,0.109929,0.0879026
0.110944,0.101523,0.0831541,0.104294,0.108835,0.0933177,0.0944798,0.104779,0.113135,0.0855383
0.109466,0.103739,0.0843869,0.101625,0.109867,0.0946197,0.0939367,0.107066,0.110252,0.0850406
0.113188,0.10225,0.0812252,0.103262,0.111199,0.0938909,0.0938674,0.106129,0.110689,0.0842985
0.106623,0.103048,0.0872239,0.101892,0.108645,0.0942004,0.0939442,0.106086,0.109929,0.0884086
0.107464,0.104102,0.0866208,0.101736,0.108554,0.0935862,0.094218,0.10774,0.109496,0.086483
0.108228,0.102955,0.0838802,0.0992387,0.110624,0.0951232,0.0948103,0.108531,0.111862,0.0847484
0.107946,0.103728,0.0844267,0.0993195,0.110757,0.0956961,0.0944655,0.108142,0.11094,0.0845794
0.109253,0.102192,0.0845542,0.101186,0.109481,0.0951618,0.0940835,0.10785,0.111185,0.0850528
0.108021,0.102846,0.0865061,0.100488,0.107335,0.0944417,0.0941803,0.108721,0.112844,0.0846177
0.109099,0.103098,0.0849481,0.100307,0.110765,0.0938563,0.0947714,0.106996,0.11152,0.0846392
0.111978,0.102028,0.0825656,0.100657,0.110947,0.0935421,0.0951731,0.106878,0.112108,0.0841226
0.10485,0.105615,0.085711,0.0971644,0.11235,0.0932922,0.0948803,0.109102,0.113067,0.0839672
0.112489,0.101127,0.082303,0.101951,0.110655,0.0939838,0.095033,0.105866,0.11151,0.0850833
0.111952,0.101511,0.0825027,0.100545,0.110108,0.0942963,0.0945463,0.108036,0.112739,0.0837639
0.108536,0.104202,0.083188,0.0987659,0.113255,0.0925212,0.0951654,0.106846,0.113128,0.0843909
0.111204,0.103561,0.0821789,0.0992766,0.113241,0.0925733,0.0943766,0.107835,0.113017,0.0827363
0.110735,0.101684,0.0838069,0.0999921,0.110221,0.0946473,0.0960046,0.105386,0.111542,0.0859815
0.10389,0.105386,0.0880163,0.0981984,0.110718,0.0936418,0.0952653,0.106006,0.111577,0.0873
0.103194,0.105498,0.0855335,0.095704,0.113556,0.0936624,0.0958169,0.10698,0.11466,0.0853949
0.107196,0.104519,0.0845363,0.0987431,0.112321,0.0943195,0.095914,0.104928,0.111582,0.0859411
0.102424,0.105457,0.0861521,0.0965879,0.112974,0.094118,0.0957127,0.106104,0.114598,0.0858727
0.112386,0.102434,0.0819177,0.102638,0.111114,0.0942074,0.0937173,0.106425,0.110556,0.0846048
0.110029,0.101431,0.0825324,0.102476,0.109653,0.0933139,0.0964475,0.103512,0.114718,0.0858878
0.110694,0.103471,0.0834887,0.102617,0.110357,0.0931482,0.0939793,0.106498,0.110412,0.0853344
0.110044,0.103521,0.0834022,0.100297,0.111099,0.0945863,0.0935128,0.108823,0.111066,0.0836482
0.111905,0.102854,0.081881,0.102142,0.11144,0.0942553,0.0937945,0.106798,0.1111,0.0838311
0.110335,0.101104,0.0830459,0.103824,0.10926,0.0945137,0.0939717,0.10534,0.11255,0.0860543
0.107756,0.104126,0.0851118,0.101571,0.111254,0.0927351,0.0946453,0.105006,0.11219,0.085605
0.106338,0.103467,0.0863418,0.101911,0.108849,0.0946416,0.0952697,0.104344,0.111849,0.0869895
0.107947,0.102359,0.0847696,0.10335,0.106719,0.0962747,0.0947042,0.105779,0.111345,0.0867527
0.107033,0.104428,0.0861641,0.101402,0.109467,0.0941641,0.0932194,0.10785,0.111039,0.0852326
0.105423,0.10369,0.08704,0.101701,0.110168,0.0935122,0.0944673,0.103362,0.110876,0.0897605
0.112417,0.101988,0.0824323,0.104545,0.110104,0.0929376,0.0939408,0.105413,0.109777,0.0864456
0.108272,0.10304,0.0870028,0.0975957,0.109479,0.0956947,0.091781,0.108858,0.107112,0.0911642
0.107702,0.102886,0.0887045,0.0987981,0.109685,0.0929452,0.0917426,0.106809,0.107417,0.0933106
0.106304,0.105982,0.0859867,0.100495,0.110393,0.0923738,0.0925288,0.109636,0.111741,0.0845597
0.104397,0.102617,0.0918502,0.0981834,0.108538,0.0936673,0.0919904,0.105203,0.10773,0.0958245
0.104463,0.103298,0.0883096,0.0989559,0.109491,0.0956074,0.092941,0.106956,0.11001,0.0899677
0.101295,0.102932,0.0928803,0.0985036,0.109467,0.0930267,0.0922543,0.103111,0.109964,0.0965658
0.103326,0.103437,0.0897088,0.100898,0.108434,0.0952268,0.0930284,0.105024,0.110682,0.0902354
0.106378,0.10207,0.0909537,0.100198,0.108805,0.0928484,0.0921506,0.103382,0.107547,0.0956662
0.108779,0.102863,0.0859041,0.103369,0.108513,0.0946859,0.0933685,0.105892,0.10976,0.086865
0.104738,0.102793,0.0890491,0.097972,0.109687,0.0962712,0.0923015,0.106083,0.108994,0.0921114
0.105243,0.101322,0.0873948,0.100097,0.111212,0.0942696,0.0923472,0.1033,0.110974,0.0938409
0.1041,0.101945,0.0928937,0.0969218,0.109268,0.0941471,0.0906346,0.104736,0.107466,0.0978879
0.0991171,0.102756,0.0929826,0.0980179,0.108874,0.0954332,0.0916157,0.106455,0.112096,0.0926515
0.105974,0.102198,0.0896451,0.0984297,0.10939,0.0940652,0.088693,0.109206,0.10849,0.0939083
0.103479,0.102228,0.0913405,0.0957833,0.110803,0.0945832,0.0895348,0.106432,0.109648,0.0961679
0.100293,0.10214,0.0959788,0.0962476,0.10905,0.0933616,0.0885365,0.105326,0.109857,0.099209
0.109518,0.100003,0.0891254,0.100884,0.109809,0.0913027,0.0886528,0.105494,0.108014,0.0971974
0.107811,0.100955,0.088917,0.100021,0.110495,0.0912918,0.088432,0.10687,0.10927,0.0959367
0.106357,0.100806,0.0920757,0.101537,0.108722,0.0900739,0.085294,0.108694,0.10861,0.0978311
0.107734,0.100322,0.0902729,0.0993804,0.109511,0.093813,0.0866598,0.108156,0.108459,0.0956923
0.104114,0.101478,0.0934311,0.0992196,0.107738,0.0928737,0.0872312,0.108835,0.107912,0.0971665
0.103218,0.10166,0.0918407,0.0974798,0.109264,0.0935544,0.0873653,0.109649,0.108962,0.0970067
0.104175,0.101237,0.0937172,0.100711,0.107483,0.0913146,0.086095,0.10918,0.108241,0.0978474
0.0994958,0.102841,0.0976703,0.096921,0.105022,0.0966779,0.0892569,0.109073,0.106894,0.0961491
0.10337,0.100616,0.0928491,0.0970358,0.109164,0.0930881,0.086017,0.108389,0.108338,0.101134
0.0983446,0.101898,0.0967097,0.0945847,0.108668,0.0940443,0.0875477,0.10719,0.109346,0.101667
0.102972,0.101971,0.0931135,0.0983887,0.108405,0.092394,0.0852026,0.111047,0.108532,0.0979737
0.102159,0.101645,0.0919642,0.0963993,0.110185,0.0924013,0.0854929,0.109875,0.109711,0.100169
0.097765,0.102844,0.095445,0.0973593,0.108552,0.0917222,0.0862764,0.109915,0.111011,0.0991101
0.102249,0.101987,0.093377,0.0982659,0.108543,0.0926051,0.0865619,0.109505,0.108862,0.0980441
0.100858,0.102552,0.0916177,0.0957998,0.110649,0.0935311,0.0870611,0.10949,0.110342,0.0980997
0.0999669,0.102641,0.094374,0.0965256,0.108126,0.0943215,0.0875736,0.109216,0.109083,0.098172
0.101117,0.101347,0.0938382,0.0972157,0.108705,0.0933083,0.0866739,0.108443,0.109225,0.100127
0.102536,0.0999936,0.0900668,0.0945518,0.111568,0.0931954,0.0860806,0.108143,0.110976,0.102889
0.103784,0.0992322,0.0901742,0.0956746,0.111341,0.0927315,0.0859641,0.107259,0.110351,0.103489
0.10477,0.0988239,0.0892749,0.0920532,0.111281,0.097068,0.0880456,0.107701,0.108737,0.102246
0.102604,0.100181,0.091914,0.0944859,0.109124,0.0957827,0.0874363,0.108567,0.108454,0.101451
0.102784,0.0997648,0.0924865,0.0940468,0.108371,0.0969129,0.0888782,0.107011,0.107415,0.10233
0.104329,0.0982945,0.0919029,0.0948144,0.10915,0.0955931,0.0884873,0.105933,0.107555,0.103941
0.102709,0.0995532,0.0921528,0.0943504,0.108909,0.0958424,0.0882309,0.106946,0.108333,0.102974
0.100859,0.100047,0.0939481,0.0961709,0.108404,0.0934107,0.0879579,0.106612,0.10896,0.10363
0.103548,0.0982353,0.0908341,0.0950709,0.110086,0.0941212,0.0873197,0.106137,0.109551,0.105096
0.102781,0.100488,0.0923768,0.0949967,0.10931,0.095353,0.0879239,0.107278,0.108071,0.101421
0.106009,0.0955834,0.0880729,0.0921088,0.112096,0.0963858,0.0895499,0.103359,0.108765,0.108069
0.0968234,0.104303,0.0940625,0.0962925,0.1076,0.0933841,0.0877074,0.11261,0.110727,0.0964908
0.103306,0.0981652,0.0922631,0.0947882,0.109961,0.0943018,0.0865417,0.105802,0.109227,0.105645
0.0963999,0.100001,0.0974146,0.0938377,0.109139,0.0923447,0.0874271,0.104496,0.110868,0.108072
0.0975955,0.101437,0.0970314,0.0937678,0.107468,0.0971823,0.0897107,0.105404,0.108392,0.102012
0.0971597,0.101186,0.0967956,0.0943415,0.10952,0.0937511,0.0895178,0.103839,0.110425,0.103463
0.0987557,0.103286,0.0930567,0.0960211,0.109263,0.0948747,0.0895354,0.109027,0.111288,0.0948929
0.099367,0.102242,0.0920755,0.0949435,0.110016,0.0977557,0.0913071,0.106135,0.111379,0.0947784
0.105922,0.100253,0.0907232,0.0962232,0.111334,0.0936505,0.0883012,0.105164,0.108234,0.100194
0.103476,0.100732,0.0887338,0.0966262,0.110544,0.0969709,0.0912946,0.106158,0.110608,0.094857
0.0976833,0.100799,0.0940859,0.0941972,0.11053,0.0948545,0.0904902,0.103405,0.111344,0.102611
0.0999477,0.100937,0.0922355,0.095609,0.109939,0.0971913,0.0924861,0.103313,0.110628,0.0977128
0.0975698,0.101363,0.0929758,0.0950916,0.10988,0.096584,0.0920439,0.104811,0.112334,0.0973476
0.0996651,0.10155,0.092424,0.0956349,0.111062,0.0930337,0.0872553,0.106842,0.112037,0.100495
0.0960121,0.103812,0.0939482,0.0931538,0.110565,0.096328,0.0919363,0.106613,0.113251,0.0943809
0.100022,0.102954,0.0890693,0.0953049,0.112147,0.0971751,0.0926879,0.106004,0.113731,0.0909052
0.0972857,0.102443,0.0932243,0.0944087,0.111079,0.0953397,0.0932344,0.102683,0.112387,0.0979151
0.0967227,0.103833,0.0940986,0.095222,0.11042,0.095016,0.0936611,0.102877,0.112378,0.0957713
0.0972994,0.105424,0.0912825,0.0938597,0.112761,0.0942655,0.0942139,0.104137,0.11374,0.0930175
0.10092,0.102075,0.0898545,0.0954747,0.112668,0.0952163,0.0923725,0.102999,0.112722,0.0956986
0.094465,0.104591,0.0924487,0.0931064,0.112453,0.0958303,0.0946323,0.10367,0.114936,0.0938659
0.0986872,0.102659,0.0930956,0.0933555,0.113537,0.091998,0.0923966,0.100293,0.111718,0.102261
0.098832,0.101716,0.0906299,0.094154,0.114053,0.0939977,0.0918646,0.101436,0.113675,0.0996417
0.091001,0.104532,0.0975518,0.0918707,0.11289,0.0910046,0.0929267,0.100494,0.114537,0.103192
0.0931559,0.104281,0.0961813,0.0923085,0.11162,0.0935183,0.0935436,0.103049,0.114003,0.0983391
0.0930928,0.104178,0.0960213,0.0914562,0.113462,0.0928362,0.0939679,0.0991786,0.113114,0.102693
0.0930853,0.10461,0.0946181,0.0930894,0.112379,0.0933108,0.0939658,0.102349,0.114832,0.0977602
0.100136,0.101122,0.0920351,0.0963204,0.111383,0.0927714,0.0901426,0.103594,0.111816,0.100679
0.096928,0.103056,0.0916166,0.0951577,0.111606,0.0958952,0.096059,0.100398,0.112902,0.0963808
0.0964032,0.101984,0.0917232,0.094192,0.112373,0.0956992,0.0935364,0.101878,0.113247,0.0989638
0.0955408,0.101814,0.0942201,0.0931531,0.111609,0.0951806,0.0943895,0.0995928,0.111725,0.102775
0.0925441,0.105495,0.0945041,0.0914648,0.111468,0.0975024,0.0966479,0.102451,0.113288,0.094635
0.0927923,0.10594,0.0953131,0.0909974,0.112349,0.0958343,0.096418,0.100724,0.11246,0.0971726
0.0987944,0.102388,0.094517,0.0929941,0.111185,0.0947998,0.0944117,0.0997843,0.108954,0.102172
0.0961453,0.104688,0.0936035,0.0921422,0.110833,0.0976062,0.0954113,0.103641,0.111396,0.0945333
0.0941248,0.105376,0.0955915,0.0919314,0.11039,0.0976427,0.0968751,0.100895,0.110349,0.0968244
0.0912726,0.106162,0.0994972,0.0914559,0.109774,0.0954257,0.0954907,0.101323,0.111399,0.0981997
0.0959659,0.104994,0.0936085,0.0933976,0.110104,0.0977838,0.0969605,0.102253,0.111388,0.0935443
0.0975871,0.103256,0.0943053,0.0941929,0.11037,0.0953829,0.0941767,0.101661,0.110504,0.0985648
0.094785,0.10409,0.0958815,0.0931242,0.109202,0.0980235,0.0966902,0.101175,0.110121,0.096907
0.0959035,0.104489,0.0938856,0.0940157,0.110843,0.096565,0.0969667,0.0992187,0.110746,0.0973664
0.0996001,0.101142,0.0911168,0.0952554,0.112199,0.0947199,0.0925214,0.101689,0.111954,0.0998026
0.093929,0.104639,0.0958613,0.0930179,0.109724,0.0965276,0.0956585,0.1037,0.11211,0.0948325
0.0949133,0.104104,0.096182,0.0941612,0.107386,0.100156,0.096524,0.102464,0.109649,0.0944609
0.0981345,0.102049,0.0928602,0.0956973,0.109261,0.0975559,0.0960298,0.102182,0.110821,0.0954092
0.0955732,0.104663,0.0949562,0.0939292,0.11074,0.0951813,0.0963538,0.10007,0.111031,0.0975015
0.0973355,0.101379,0.0913268,0.0947429,0.112116,0.0951297,0.0946171,0.10098,0.112792,0.0995815
0.0914079,0.10432,0.0940662,0.0903734,0.112786,0.0970469,0.0952114,0.100685,0.113744,0.100359
0.0925258,0.104517,0.0951635,0.0927278,0.11129,0.0956848,0.0959511,0.101731,0.113499,0.0969092
0.0982073,0.101793,0.0926805,0.0927653,0.11173,0.0964851,0.0937755,0.0999287,0.110103,0.102531
0.100979,0.100601,0.0894246,0.0963329,0.11213,0.0958605,0.0933265,0.101398,0.111654,0.098293
0.093912,0.103689,0.0951037,0.0889122,0.110785,0.0981145,0.0942147,0.102488,0.11009,0.102692
0.097877,0.101954,0.0923912,0.0940575,0.112284,0.0945417,0.0917622,0.102595,0.112289,0.100248
0.0942901,0.103615,0.0946346,0.0921302,0.112292,0.0942053,0.0938412,0.101139,0.11246,0.101393
0.0982196,0.101501,0.0921572,0.0931754,0.110924,0.0973583,0.0913512,0.103602,0.111059,0.100652
0.0966105,0.102641,0.0951041,0.0922043,0.110458,0.0966024,0.0932512,0.101087,0.109451,0.102591
0.096391,0.102038,0.0949005,0.0931875,0.112365,0.0932819,0.093427,0.0987687,0.111044,0.104597
0.094734,0.104497,0.0941613,0.0924039,0.112152,0.0942566,0.0940475,0.103029,0.112873,0.0978459
0.093477,0.104053,0.0970412,0.0918581,0.11092,0.0940684,0.092972,0.103101,0.112758,0.0997516
0.0967147,0.103904,0.0937278,0.0936536,0.111588,0.0948482,0.0940338,0.102056,0.111949,0.0975248
0.0986541,0.101657,0.0928564,0.0951462,0.110178,0.0964544,0.091829,0.104839,0.112338,0.0960477
0.0989824,0.100411,0.0936482,0.0950435,0.110675,0.0941311,0.0896688,0.10359,0.111625,0.102224
0.101392,0.0998921,0.0914019,0.0962262,0.112382,0.0932796,0.0916414,0.100363,0.111312,0.10211
0.0946188,0.103242,0.093672,0.0942163,0.110986,0.0959769,0.0946724,0.103074,0.113532,0.0960092
0.0932316,0.104941,0.0929776,0.0932269,0.112168,0.0953665,0.0952696,0.103416,0.115143,0.0942595
0.0987063,0.100713,0.0912975,0.0938124,0.111759,0.0969754,0.0899222,0.104083,0.112666,0.100066
0.0995605,0.10098,0.0929787,0.0954628,0.111254,0.0947261,0.0920408,0.101409,0.110993,0.100595
0.0985092,0.102039,0.0935044,0.0946406,0.110969,0.0947102,0.0934234,0.10114,0.110586,0.100478
0.0995627,0.101061,0.0917792,0.0949834,0.111557,0.0955579,0.0920459,0.102405,0.111108,0.0999394
0.0958823,0.103106,0.0942003,0.0944893,0.110509,0.0959362,0.0936898,0.103244,0.112348,0.0965961
0.0971006,0.102407,0.0933624,0.0949279,0.111031,0.0956189,0.0931105,0.102737,0.11241,0.0972944
0.0973933,0.102162,0.0935187,0.096588,0.109067,0.0968001,0.0950325,0.102444,0.111752,0.0952423
0.0974239,0.101512,0.0930439,0.0947673,0.110542,0.0968346,0.0942166,0.100926,0.111263,0.0994717
0.095879,0.102276,0.0944846,0.0942999,0.111058,0.0959906,0.092975,0.101462,0.112138,0.0994368
0.0967414,0.103559,0.0929158,0.0936267,0.111304,0.0965565,0.0944635,0.102471,0.111663,0.0966995
0.0989595,0.101676,0.0938355,0.0946052,0.111002,0.0954507,0.0935573,0.100542,0.109811,0.10056
0.0969859,0.102018,0.0932375,0.0956073,0.109526,0.0981672,0.0949329,0.10306,0.111655,0.0948101
0.100436,0.100998,0.093021,0.0968542,0.10907,0.0968251,0.0941398,0.101461,0.109245,0.09795
0.096689,0.102182,0.0931245,0.0948889,0.109845,0.0983524,0.0946065,0.102889,0.111553,0.0958695
0.0941223,0.103756,0.0934042,0.0926845,0.111518,0.0977124,0.0939232,0.103612,0.113131,0.0961357
0.104241,0.0984982,0.0908873,0.09721,0.110926,0.0948502,0.0921027,0.099837,0.10852,0.102927
0.0919177,0.105113,0.0971558,0.0941177,0.108717,0.0969222,0.0953666,0.103664,0.112821,0.0942047
0.0965041,0.102817,0.094185,0.0956829,0.109153,0.0972101,0.0961827,0.101275,0.110638,0.0963521
0.0975335,0.102171,0.0942439,0.0953161,0.108696,0.0972586,0.0937672,0.104447,0.110913,0.0956528
0.0960052,0.103638,0.0935453,0.0956981,0.108958,0.098386,0.0968702,0.101697,0.1114,0.0938019
0.0949758,0.103772,0.0939987,0.0951571,0.110347,0.0965997,0.0967866,0.101337,0.113429,0.0935971
0.100155,0.102696,0.0887725,0.0971644,0.108722,0.0987274,0.0965171,0.10347,0.113344,0.090432
0.0976638,0.102515,0.0914351,0.097989,0.107395,0.0984716,0.0969755,0.101014,0.113484,0.0930578
0.0988456,0.102491,0.0918344,0.0980214,0.110801,0.0950423,0.0971893,0.0984071,0.111964,0.0954033
0.0946331,0.10461,0.0934342,0.0942,0.110972,0.0967268,0.0965356,0.101268,0.112747,0.0948733
0.097897,0.103726,0.0933991,0.0967979,0.108412,0.0981699,0.0963929,0.101331,0.110455,0.0934193
0.1006,0.102423,0.0915848,0.0973249,0.108186,0.0982999,0.0952764,0.104382,0.11039,0.0915337
0.100137,0.103549,0.0909262,0.0964176,0.109252,0.0976428,0.0952144,0.105332,0.1119,0.0896293
0.099339,0.103827,0.0923023,0.0965384,0.109329,0.0963975,0.0951472,0.103769,0.111815,0.0915352
0.102981,0.100979,0.0894493,0.0969468,0.109945,0.0981418,0.0938715,0.104004,0.110482,0.093198
0.0960051,0.101379,0.0939839,0.0952668,0.109745,0.0966928,0.0931185,0.103414,0.112742,0.0976521
0.0986647,0.103126,0.0913508,0.0955017,0.109662,0.0977698,0.0944084,0.106085,0.112267,0.091165
0.0979071,0.102947,0.0923307,0.0961957,0.109168,0.0969006,0.0949526,0.104586,0.11241,0.0926026
0.101077,0.101384,0.0896366,0.0978083,0.110426,0.0964423,0.0953018,0.101865,0.11148,0.0945789
0.0930962,0.104724,0.0947781,0.0926473,0.110407,0.0968136,0.0949949,0.105125,0.113644,0.0937702
0.0956559,0.10335,0.0928198,0.0940838,0.110484,0.0980495,0.0957917,0.103049,0.112819,0.0938962
0.0960249,0.104769,0.091549,0.0931587,0.110734,0.0976094,0.0951227,0.1077,0.114129,0.0892037
0.0947099,0.103895,0.0955874,0.0951358,0.109935,0.0955187,0.0965699,0.100208,0.112556,0.0958847
0.0990637,0.103651,0.0923508,0.096333,0.10905,0.0977037,0.0964725,0.102478,0.110868,0.0920297
0.0988653,0.10392,0.0940294,0.0950564,0.108242,0.0973952,0.0943698,0.105557,0.109906,0.0926584
0.0968789,0.104489,0.0940899,0.0954486,0.109173,0.0974541,0.0966246,0.10133,0.110869,0.0936425
0.10189,0.101845,0.0901135,0.0977943,0.108952,0.0981312,0.0957801,0.102954,0.110384,0.0921548
0.098067,0.103299,0.0920289,0.097451,0.107502,0.098171,0.0958328,0.103269,0.113429,0.0909508
0.0953534,0.104008,0.0950271,0.0950379,0.109083,0.096952,0.0950114,0.103868,0.112857,0.0928032
0.0991377,0.104569,0.0911911,0.0957168,0.110946,0.0960846,0.0956845,0.102706,0.112119,0.0918463
0.102492,0.102411,0.0873238,0.0966777,0.110411,0.0986929,0.0946956,0.106912,0.112684,0.087701
0.0998168,0.104772,0.092407,0.0964559,0.109315,0.0957596,0.0938496,0.105295,0.111932,0.0903969
0.0994662,0.103781,0.0904511,0.0958904,0.110381,0.0971871,0.0951671,0.104291,0.112227,0.0911586
0.0977962,0.104501,0.0946386,0.0957962,0.109066,0.0955196,0.095272,0.102784,0.110921,0.0937057
0.0993906,0.104356,0.0899588,0.0956359,0.111985,0.0944506,0.09451,0.104868,0.113848,0.090997
0.102032,0.103395,0.0887083,0.0961402,0.110547,0.0967718,0.0940546,0.106594,0.111899,0.0898583
0.0965636,0.105412,0.0915192,0.0931514,0.111361,0.0958366,0.0937488,0.108473,0.114195,0.0897388
0.0985942,0.10509,0.0909147,0.0954557,0.111441,0.0945254,0.0940873,0.105432,0.113987,0.0904736
0.0994734,0.10528,0.0915247,0.0951941,0.11014,0.0948541,0.0935851,0.10801,0.112862,0.0890762
0.100814,0.104702,0.0874788,0.0955909,0.112423,0.0947498,0.0942275,0.107733,0.114635,0.087645
0.100356,0.105546,0.0901265,0.0949781,0.111331,0.0939889,0.0934619,0.108485,0.113149,0.088578
0.0986831,0.107848,0.0887265,0.0938121,0.113706,0.092062,0.0936564,0.109072,0.116253,0.0861814
0.105603,0.104964,0.0840671,0.0967251,0.112998,0.0933437,0.0932376,0.110568,0.114743,0.0837497
0.106024,0.103302,0.0853322,0.0963569,0.111824,0.0951962,0.093471,0.110084,0.113438,0.084972
0.100943,0.106369,0.0852329,0.0947513,0.11421,0.0932172,0.0938969,0.110537,0.117004,0.0838385
0.103584,0.106805,0.0859907,0.0951859,0.1137,0.0924504,0.0936319,0.109789,0.114931,0.0839322
0.106997,0.104923,0.0848912,0.0977432,0.112201,0.0930502,0.0932391,0.108637,0.112504,0.0858142
0.10866,0.103946,0.0829621,0.0972139,0.113018,0.0931126,0.0938066,0.110449,0.11358,0.0832514
0.103704,0.106157,0.0858916,0.095975,0.112033,0.0915017,0.0926345,0.113209,0.116117,0.0827771
0.105103,0.10526,0.0857762,0.0961128,0.112338,0.0925343,0.0934159,0.110925,0.11436,0.0841746
0.102868,0.105503,0.0868965,0.0969991,0.112248,0.0922504,0.0932718,0.109116,0.11489,0.0859571
0.108584,0.103175,0.0820277,0.0949545,0.112449,0.0938711,0.0940487,0.114072,0.114921,0.0818959
0.102834,0.106082,0.0880607,0.0948834,0.110964,0.0928022,0.0936854,0.112121,0.113895,0.0846718
0.113262,0.101288,0.0795322,0.0970887,0.113467,0.0943478,0.0943526,0.11104,0.113274,0.0823485
0.105672,0.105284,0.0842985,0.0962396,0.112291,0.0914952,0.092632,0.113882,0.115572,0.0826348
0.106273,0.105183,0.0836129,0.0973687,0.112696,0.092081,0.0934865,0.110986,0.114713,0.0836005
0.106117,0.104256,0.0830778,0.0962264,0.113165,0.0922113,0.0931294,0.112893,0.116391,0.0825325
0.100639,0.106805,0.0901062,0.0958127,0.110223,0.0913121,0.0926028,0.111025,0.113158,0.0883155
0.105274,0.105709,0.0850462,0.0954711,0.111509,0.0920218,0.0919786,0.115317,0.114755,0.0829182
0.101807,0.105577,0.0872778,0.0935504,0.111908,0.0935556,0.0925257,0.114629,0.115777,0.0833927
0.107149,0.104947,0.0830165,0.0968051,0.112529,0.0911064,0.0924728,0.114153,0.115671,0.08215
0.102721,0.106262,0.0865747,0.0960103,0.111226,0.0913158,0.0921098,0.114556,0.116073,0.0831519
0.106878,0.104172,0.0837394,0.0972154,0.11207,0.0921136,0.0934971,0.112124,0.114936,0.0832532
0.108963,0.105663,0.0803921,0.0987798,0.113199,0.0893348,0.09299,0.113058,0.116186,0.0814353
0.107457,0.105189,0.0824661,0.0973793,0.112342,0.0907097,0.0923436,0.114614,0.1156,0.0818989
0.107646,0.106328,0.0811328,0.0976789,0.112662,0.0888357,0.091962,0.116588,0.117499,0.0796682
0.110768,0.103922,0.0790469,0.0952362,0.113454,0.0917144,0.0933928,0.116474,0.117145,0.0788456
0.103409,0.108845,0.0840475,0.0967027,0.111924,0.0886325,0.0920781,0.11598,0.117551,0.0808306
0.110668,0.10535,0.0786318,0.0980841,0.112838,0.0887126,0.0922621,0.11749,0.117382,0.0785826
0.110175,0.102657,0.0797509,0.095832,0.113616,0.0929379,0.092671,0.115303,0.116111,0.0809459
0.112956,0.102742,0.0776992,0.0940784,0.114359,0.0931999,0.0934462,0.116527,0.116093,0.0788993
0.108077,0.103959,0.0803562,0.0966886,0.112867,0.0910297,0.0937637,0.113701,0.119014,0.0805433
0.105386,0.105806,0.0815667,0.0953646,0.114495,0.0910026,0.0920615,0.115338,0.118322,0.0806568
0.10886,0.104992,0.0799079,0.0953299,0.114679,0.0909533,0.0925655,0.115781,0.117946,0.0789843
0.10207,0.110934,0.082608,0.096216,0.114176,0.0865989,0.0913598,0.116925,0.120725,0.0783859
0.1044,0.106695,0.0825908,0.0945753,0.114478,0.0899418,0.091505,0.116227,0.119572,0.0800153
0.104337,0.10917,0.0820822,0.0966661,0.113551,0.0869936,0.0907859,0.117239,0.11994,0.0792365
0.106129,0.106867,0.0826594,0.0963452,0.113616,0.0889946,0.0913284,0.115128,0.11804,0.0808928
0.110934,0.105139,0.0769888,0.0957172,0.11569,0.0892238,0.0931804,0.115434,0.12023,0.0774618
0.111965,0.103971,0.0764384,0.0951289,0.11682,0.0906195,0.0934155,0.114215,0.119354,0.0780729
0.109964,0.106739,0.0787474,0.0981596,0.114074,0.0871298,0.0928754,0.115072,0.119029,0.0782093
0.108512,0.105923,0.0770917,0.0958137,0.116034,0.0880585,0.091875,0.117558,0.12217,0.0769635
0.106865,0.107631,0.0792112,0.095384,0.115465,0.0881824,0.0916297,0.116538,0.120736,0.0783573
0.112007,0.104416,0.07905,0.0939267,0.115178,0.0921724,0.0947813,0.111759,0.116357,0.0803527
0.11494,0.102922,0.0745254,0.0973968,0.114876,0.0896731,0.0944294,0.114059,0.119362,0.0778156
0.113373,0.103052,0.0753139,0.0964573,0.115154,0.0900821,0.0946864,0.113374,0.120297,0.0782105
0.114227,0.103336,0.073044,0.0957372,0.117581,0.089266,0.0930499,0.116516,0.121333,0.0759101
0.112178,0.103347,0.0752055,0.0936899,0.117348,0.0912451,0.093294,0.115996,0.120433,0.0772628
0.115425,0.101139,0.0734889,0.0948571,0.116359,0.0923237,0.0944413,0.114692,0.119457,0.0778164
0.111073,0.103947,0.0767394,0.0938992,0.116287,0.0913074,0.0925255,0.117021,0.119232,0.0779684
0.111167,0.103993,0.0758796,0.0931024,0.116923,0.0912992,0.0932423,0.117038,0.120712,0.0766426
0.109904,0.103262,0.0782922,0.0923374,0.114609,0.0933383,0.0950153,0.113786,0.120235,0.0792206
0.109306,0.103284,0.0775943,0.0936188,0.114166,0.0918103,0.0944502,0.114566,0.122446,0.0787589
0.109041,0.104163,0.0798144,0.0937032,0.115706,0.0926433,0.0948586,0.111628,0.117782,0.0806616
0.111212,0.10225,0.0771288,0.0942082,0.115662,0.0930352,0.0949625,0.112565,0.119175,0.0797998
0.108369,0.105387,0.0786925,0.0957166,0.115638,0.0899489,0.0939287,0.113836,0.119582,0.0789014
0.109089,0.10457,0.0780763,0.0926693,0.116753,0.0919621,0.0937121,0.115082,0.120083,0.0780028
0.108134,0.10502,0.0790023,0.0966291,0.114919,0.0899882,0.0941708,0.113214,0.119237,0.079685
0.111699,0.103244,0.0737017,0.0939679,0.117671,0.0903075,0.0922927,0.1185,0.123123,0.0754931
0.107045,0.105058,0.0785383,0.0928213,0.116299,0.0912601,0.0920398,0.117296,0.121285,0.0783562
0.107681,0.105845,0.0782332,0.093846,0.11558,0.0912488,0.0924448,0.116699,0.119119,0.0793025
0.102337,0.108455,0.0810175,0.0920959,0.116133,0.090388,0.0915777,0.117746,0.121651,0.0785986
0.108438,0.104664,0.0776257,0.0937897,0.116731,0.0907878,0.0934155,0.114101,0.122255,0.0781925
0.106538,0.106266,0.0803085,0.0945557,0.116348,0.0902069,0.0929159,0.113116,0.119875,0.079869
0.106458,0.107431,0.0802034,0.0955308,0.115784,0.0883609,0.0924669,0.113878,0.120853,0.0790331
0.104144,0.10938,0.0802736,0.0951997,0.117227,0.0868702,0.0916939,0.114237,0.123124,0.0778493
0.102731,0.108598,0.0810043,0.0930669,0.11656,0.0889751,0.091994,0.116025,0.122422,0.0786239
0.112072,0.103535,0.0737199,0.092421,0.119052,0.0909479,0.0927894,0.117238,0.122752,0.0754724
0.107273,0.10596,0.0778938,0.0924733,0.119379,0.0902229,0.0927028,0.113713,0.122849,0.0775322
0.11943,0.100658,0.0711103,0.0949327,0.117685,0.0915663,0.095537,0.110778,0.120959,0.0773432
0.110123,0.105362,0.0761654,0.094549,0.117926,0.0891374,0.0924361,0.115798,0.121379,0.0771234
0.114857,0.102774,0.0733038,0.0929865,0.11845,0.0914013,0.0930453,0.117027,0.119961,0.0761955
0.114759,0.105063,0.0721561,0.0947789,0.119909,0.0876211,0.0922622,0.116608,0.122741,0.0741014
0.115663,0.104523,0.0726592,0.0958229,0.118261,0.0880032,0.0926299,0.116559,0.120908,0.0749709
0.118807,0.101829,0.0704146,0.0943287,0.115563,0.0898247,0.0943173,0.116854,0.123753,0.0743096
0.114415,0.104137,0.0723721,0.0941516,0.118801,0.0896082,0.0928306,0.117711,0.120904,0.0750693
0.117395,0.103486,0.0710292,0.0943077,0.118502,0.0887688,0.0938284,0.115305,0.123344,0.0740347
0.117768,0.103748,0.0703818,0.0963054,0.118892,0.0874659,0.0932768,0.115247,0.123131,0.0737849
0.111427,0.1059,0.0747838,0.0950049,0.119889,0.0878532,0.0930396,0.114018,0.122632,0.0754514
0.115965,0.106168,0.0715019,0.0961415,0.120533,0.0858699,0.0931408,0.114189,0.123418,0.0730725
0.119229,0.101951,0.0706687,0.0946749,0.116644,0.0899613,0.0949066,0.114365,0.12269,0.0749093
0.116446,0.101944,0.0693796,0.0969004,0.118195,0.087443,0.0969671,0.110025,0.127338,0.0753615
0.112661,0.105439,0.0731486,0.0959876,0.118096,0.0865373,0.0935095,0.112972,0.126929,0.0747193
0.116037,0.100102,0.0714824,0.0941252,0.114544,0.0914586,0.096094,0.113042,0.126604,0.0765111
0.115521,0.105165,0.0735743,0.094698,0.120218,0.0887349,0.0940619,0.112464,0.120243,0.0753203
0.117857,0.102976,0.0704861,0.0955616,0.116764,0.0879805,0.0949365,0.11438,0.125113,0.0739453
0.111375,0.108389,0.0725396,0.095675,0.120698,0.0854552,0.094258,0.113602,0.124634,0.0733743
0.114816,0.106676,0.070227,0.0946723,0.120959,0.0861749,0.0930922,0.11754,0.12399,0.071852
0.115905,0.106449,0.0699636,0.0955871,0.121066,0.0856215,0.0922831,0.117492,0.123711,0.0719231
0.113186,0.107169,0.0718844,0.0955955,0.121332,0.0851776,0.0927582,0.114564,0.125782,0.072551
0.119028,0.104397,0.0682989,0.0962733,0.121193,0.0857162,0.0922924,0.118007,0.12363,0.0711646
0.118849,0.106321,0.0689624,0.0972303,0.120909,0.084215,0.0918309,0.117708,0.123328,0.0706466
0.120446,0.106067,0.0679138,0.0976027,0.121986,0.0835246,0.0922371,0.114041,0.125517,0.0706636
0.120582,0.104862,0.0675693,0.0939027,0.121723,0.0859381,0.0932127,0.116151,0.125954,0.0701052
0.117908,0.105462,0.0662395,0.095465,0.122667,0.0843213,0.0953164,0.113833,0.128714,0.0700745
0.119666,0.105564,0.0656599,0.0966478,0.122899,0.0827802,0.093186,0.115964,0.128745,0.0688881
0.121857,0.105414,0.0649345,0.0959395,0.122791,0.0825665,0.0914789,0.119138,0.128155,0.0677248
0.121049,0.106568,0.0641854,0.0957127,0.124493,0.0824987,0.0922932,0.118328,0.12734,0.0675314
0.122899,0.105316,0.0646306,0.097632,0.123147,0.0820134,0.0903602,0.119985,0.126182,0.0678341
0.121229,0.106094,0.0644924,0.0951553,0.123785,0.0826957,0.0918264,0.120119,0.127694,0.0669087
0.12202,0.106697,0.0654475,0.0961453,0.12441,0.0827485,0.0908044,0.118343,0.125064,0.0683206
0.120829,0.106493,0.0657066,0.0940278,0.125325,0.0836316,0.091105,0.120306,0.125547,0.0670293
0.119314,0.107973,0.0676184,0.0965864,0.122877,0.0816939,0.0908498,0.119781,0.125905,0.0674013
0.119087,0.106889,0.0657797,0.0964569,0.122589,0.0817545,0.0925043,0.119002,0.128287,0.0676503
0.118888,0.10826,0.0680028,0.0971447,0.122596,0.0820093,0.0913516,0.118737,0.124531,0.0684793
0.118325,0.10895,0.0689469,0.0978858,0.121376,0.0814235,0.0910944,0.119419,0.124096,0.0684839
0.117125,0.108844,0.0692783,0.0954026,0.12127,0.0822435,0.0909315,0.122543,0.124869,0.0674928
0.118542,0.106571,0.0675446,0.0976304,0.119698,0.0817784,0.0928169,0.117455,0.12907,0.0688934
0.11855,0.106851,0.0660262,0.0965675,0.122639,0.0816174,0.0931986,0.117495,0.129274,0.0677814
0.116788,0.107551,0.0656669,0.0948989,0.123399,0.0830089,0.0955991,0.115887,0.128915,0.068286
0.115897,0.1055,0.0665206,0.0964014,0.121612,0.0836036,0.09687,0.11321,0.129896,0.0704896
0.115502,0.105975,0.0652163,0.0946128,0.122511,0.0840509,0.0983433,0.113414,0.130827,0.0695477
0.116988,0.108587,0.0687154,0.096665,0.121051,0.0823583,0.0929039,0.118582,0.125312,0.0688372
0.116843,0.107537,0.0672162,0.0966584,0.121699,0.082694,0.0950511,0.115404,0.127393,0.0695041
0.11698,0.104347,0.0657517,0.0975362,0.119969,0.0819851,0.0957646,0.114578,0.133466,0.0696231
0.118293,0.108154,0.0664208,0.0963453,0.122885,0.0818026,0.093179,0.118009,0.127086,0.0678237
0.119396,0.108372,0.0676916,0.0983133,0.120948,0.0805589,0.0913456,0.119304,0.126213,0.0678577
0.118037,0.106584,0.063908,0.0959376,0.124295,0.081899,0.0952548,0.116127,0.130316,0.0676423
0.120856,0.106053,0.0622137,0.0960461,0.125455,0.0809563,0.0933891,0.117226,0.131402,0.066403
0.122778,0.107306,0.063418,0.0968218,0.123796,0.0797576,0.0899673,0.122359,0.128672,0.0651235
0.122283,0.105623,0.0619229,0.0960544,0.125344,0.0808215,0.091759,0.120555,0.130156,0.0654819
0.121204,0.109847,0.0658247,0.0980578,0.123365,0.0785164,0.0889393,0.120722,0.127498,0.0660259
0.121767,0.106103,0.0621,0.0972046,0.126434,0.0800451,0.0923927,0.114733,0.132224,0.066997
0.125577,0.106351,0.0617894,0.096042,0.125113,0.0801373,0.0892667,0.122871,0.128574,0.0642789
0.125804,0.106706,0.0601932,0.0955711,0.127704,0.0790107,0.0890622,0.121589,0.131183,0.063176
0.127302,0.105652,0.0602196,0.0970292,0.127487,0.0795746,0.0890124,0.117912,0.130793,0.0650185
0.124894,0.104774,0.0590386,0.0965456,0.12866,0.0797761,0.0916143,0.11482,0.13424,0.0656377
0.127011,0.105505,0.0599855,0.0965491,0.127062,0.0794112,0.0882198,0.122665,0.129763,0.0638279
0.125139,0.107952,0.0614351,0.0968428,0.12725,0.0782656,0.0882034,0.121123,0.130186,0.0636027
0.126632,0.105926,0.0605815,0.0965234,0.127348,0.0795177,0.0882001,0.121553,0.129392,0.0643274
0.125879,0.10687,0.0621366,0.0982492,0.124927,0.0793331,0.0880202,0.120914,0.127776,0.0658943
0.122194,0.109289,0.0631903,0.0969738,0.125692,0.0795479,0.0901742,0.118984,0.127754,0.0662018
0.124628,0.106082,0.0594192,0.0956425,0.128158,0.0803242,0.0910397,0.118676,0.131002,0.0650275
0.126303,0.106217,0.0614809,0.0972054,0.125719,0.0794589,0.0880714,0.122115,0.128391,0.0650381
0.121407,0.108455,0.060391,0.0941611,0.127572,0.080966,0.0935763,0.117914,0.130587,0.0649711
0.123394,0.108702,0.0604403,0.0945448,0.126703,0.0801757,0.0911781,0.121697,0.129191,0.0639747
0.1234,0.107764,0.0629019,0.0956134,0.124523,0.0808481,0.089109,0.122837,0.12721,0.0657937
0.124031,0.107561,0.0622127,0.096442,0.126715,0.0791911,0.089182,0.120257,0.129768,0.0646397
0.123874,0.107842,0.0627071,0.0959128,0.125474,0.0806405,0.0896506,0.12135,0.127154,0.0653945
0.123774,0.108069,0.0635108,0.0967209,0.125073,0.0798544,0.0891592,0.120582,0.127407,0.0658494
