0,1,2,3,4,5,6,7,8,9
0.100041,0.100273,0.100909,0.101554,0.100647,0.0996929,0.10005,0.0988361,0.0992205,0.0987761
0.0991192,0.100721,0.100725,0.101379,0.0987806,0.10172,0.100704,0.09875,0.100196,0.0979057
0.100649,0.100059,0.100207,0.0998344,0.100024,0.100385,0.0997007,0.0993933,0.100161,0.0995854
0.0998104,0.101624,0.0979336,0.100962,0.100105,0.0995708,0.101068,0.0979211,0.103127,0.0978785
0.10068,0.0993773,0.101244,0.101493,0.102039,0.0985132,0.0999701,0.0986366,0.0992328,0.0988145
0.100081,0.101378,0.100032,0.100156,0.100062,0.100659,0.099823,0.098281,0.102579,0.0969484
0.100644,0.0995207,0.100331,0.101786,0.100601,0.0999688,0.100493,0.0986533,0.0994189,0.0985835
0.100387,0.100733,0.100141,0.100611,0.0994939,0.101219,0.100147,0.098373,0.100446,0.0984486
0.0997031,0.101535,0.0977463,0.101254,0.0986087,0.0990263,0.10109,0.0973993,0.107752,0.0958845
0.0997051,0.102992,0.100114,0.10146,0.0992392,0.102032,0.100353,0.0968461,0.100334,0.0969241
0.100175,0.100557,0.100957,0.101666,0.0996688,0.10157,0.10032,0.0979206,0.0996712,0.0974925
0.101054,0.101175,0.101946,0.101346,0.0990423,0.102457,0.0996147,0.0963672,0.100319,0.0966776
0.100897,0.0993287,0.100202,0.099956,0.10024,0.100013,0.0998652,0.0993372,0.100537,0.0996233
0.101282,0.101891,0.100764,0.100193,0.0994669,0.101845,0.0993665,0.0962779,0.101341,0.0975735
0.101288,0.0999203,0.100209,0.0999802,0.0997577,0.10119,0.0998906,0.0984019,0.100718,0.0986445
0.101645,0.101453,0.101253,0.0996496,0.099587,0.101543,0.0988795,0.0963817,0.101535,0.0980726
0.102729,0.100343,0.101882,0.0987863,0.0992352,0.101019,0.0982529,0.0967552,0.102309,0.0986864
0.103169,0.10033,0.102011,0.0998343,0.0994621,0.101627,0.0984718,0.0966696,0.100888,0.0975375
0.101074,0.100005,0.100122,0.100003,0.0998647,0.100909,0.0998429,0.0987305,0.100535,0.0989147
0.100755,0.100835,0.100512,0.100544,0.0993931,0.101566,0.0999407,0.0976452,0.100705,0.0981043
0.101826,0.100534,0.100983,0.0994775,0.0994676,0.10132,0.0990675,0.0971891,0.101643,0.0984926
0.100875,0.0991351,0.101196,0.099559,0.099364,0.100049,0.0996814,0.0996645,0.100749,0.0997269
0.0998186,0.0996235,0.100683,0.100461,0.0996311,0.099058,0.100287,0.0997821,0.10093,0.0997255
0.101615,0.0991935,0.100597,0.099117,0.0996235,0.100877,0.0995134,0.0986336,0.101568,0.0992618
0.100419,0.0993023,0.101099,0.100152,0.10002,0.099002,0.0996926,0.0997028,0.100547,0.100065
0.0998965,0.0992679,0.100428,0.100528,0.0997224,0.0997908,0.100545,0.0995641,0.100445,0.0998131
0.100889,0.100055,0.100517,0.0990294,0.0994528,0.100551,0.0994138,0.0987096,0.101825,0.0995574
0.102057,0.10097,0.101409,0.0981856,0.0991074,0.100773,0.0982494,0.0965576,0.10337,0.0993202
0.102131,0.099337,0.101245,0.0989361,0.0994331,0.10082,0.0990266,0.098213,0.101752,0.0991059
0.100239,0.0999562,0.100671,0.0998827,0.0993724,0.100302,0.0993646,0.0995632,0.101116,0.099533
0.101833,0.0997853,0.1011,0.0991179,0.099503,0.100889,0.0990502,0.0979493,0.101684,0.0990888
0.100964,0.0990387,0.101321,0.0993759,0.0992513,0.100237,0.0996078,0.099695,0.100862,0.0996487
0.101018,0.0997005,0.100985,0.0983682,0.0991023,0.100352,0.0990723,0.0986763,0.102772,0.0999542
0.101174,0.0999974,0.101464,0.0982786,0.0986887,0.100282,0.0982528,0.0979158,0.103935,0.100012
0.100813,0.0995672,0.102832,0.0980737,0.0978365,0.099333,0.0969456,0.0995329,0.104734,0.100332
0.101263,0.0992846,0.101017,0.0990198,0.0993843,0.10057,0.0993961,0.0987867,0.101666,0.0996123
0.0997362,0.0990205,0.100928,0.0988233,0.0983087,0.100035,0.0990256,0.0999653,0.10383,0.100327
0.100663,0.0995299,0.101485,0.0983877,0.0983477,0.0998828,0.0980065,0.0986181,0.104596,0.100483
0.101379,0.0996216,0.101241,0.0984657,0.0990291,0.10039,0.0984688,0.0981626,0.103321,0.0999206
0.0973445,0.100258,0.101003,0.100954,0.0975576,0.0998827,0.0985256,0.100348,0.104091,0.100036
0.100862,0.0997404,0.101,0.0992393,0.099042,0.100194,0.0987381,0.0986756,0.102606,0.0999029
0.100784,0.0995972,0.100809,0.098732,0.0990207,0.100421,0.0992705,0.0989037,0.102648,0.0998142
0.10034,0.0992372,0.100833,0.0991505,0.0992691,0.100114,0.0995142,0.100011,0.101519,0.100012
0.0987011,0.100021,0.100979,0.100025,0.0978662,0.100191,0.0988953,0.0996938,0.103788,0.0998397
0.101324,0.099785,0.100982,0.0991703,0.0993747,0.100433,0.0988417,0.0983789,0.102077,0.0996327
0.101047,0.100135,0.10091,0.0992556,0.0989108,0.100806,0.0989709,0.0979392,0.102806,0.0992194
0.100978,0.0989433,0.100412,0.0990536,0.0994365,0.100401,0.0998223,0.099468,0.101641,0.099844
0.0996117,0.100475,0.101109,0.0995804,0.0980509,0.100399,0.0983328,0.0984881,0.104435,0.0995178
0.101636,0.0989123,0.100284,0.0991625,0.0995088,0.100985,0.0997726,0.098766,0.101814,0.0991577
0.100204,0.0991561,0.100522,0.0994657,0.099161,0.100271,0.100039,0.0998602,0.101421,0.0999
0.100936,0.0994863,0.100316,0.0995642,0.0994161,0.100851,0.0999068,0.0989348,0.101405,0.0991835
0.099855,0.100327,0.10085,0.100013,0.0982114,0.101176,0.0994646,0.0983837,0.103038,0.0986819
0.0991768,0.0996752,0.100806,0.101003,0.0977683,0.100958,0.0992435,0.0990615,0.103475,0.098833
0.100444,0.0999771,0.100618,0.100315,0.0985317,0.101365,0.0994802,0.0981693,0.102656,0.0984432
0.101094,0.0998954,0.100813,0.0997931,0.0986104,0.101314,0.0990617,0.0976814,0.10315,0.0985873
0.10116,0.0996266,0.100578,0.0998388,0.0989499,0.101167,0.0992842,0.0980971,0.102529,0.0987696
0.102561,0.101094,0.101063,0.0996062,0.0992694,0.101842,0.0988491,0.0958069,0.10214,0.0977686
0.101971,0.100698,0.100677,0.0998121,0.0991767,0.101905,0.0994098,0.0965143,0.102027,0.0978092
0.103371,0.101766,0.102173,0.100164,0.0988507,0.102875,0.0983473,0.0942057,0.102024,0.0962237
0.101723,0.101339,0.101461,0.100552,0.0991462,0.102266,0.0991955,0.0962327,0.101002,0.0970839
0.102469,0.101118,0.101285,0.0995567,0.099265,0.101703,0.0987196,0.0959208,0.102054,0.0979099
0.101781,0.100196,0.100917,0.0994409,0.0995921,0.101263,0.0991411,0.0975058,0.101507,0.0986554
0.103457,0.101313,0.101893,0.0988609,0.0988849,0.101911,0.0980192,0.0946457,0.103337,0.0976792
0.102622,0.101416,0.101542,0.0996994,0.098877,0.102134,0.0986843,0.0951601,0.1025,0.097365
0.103051,0.101443,0.101762,0.0991058,0.0985819,0.102191,0.0983472,0.0944824,0.103599,0.0974365
0.101639,0.100242,0.100702,0.0995728,0.0995872,0.101446,0.099339,0.0974791,0.101499,0.0984941
0.102052,0.10038,0.101165,0.0993785,0.0995255,0.101325,0.0989058,0.0971157,0.101641,0.0985104
0.103197,0.101452,0.10201,0.0994281,0.0987094,0.102365,0.0982858,0.0944962,0.102974,0.0970822
0.103084,0.101736,0.101665,0.0985476,0.0987659,0.101963,0.0980245,0.094432,0.103977,0.0978043
0.102241,0.0994745,0.101369,0.0986945,0.0982849,0.101387,0.0981893,0.0966945,0.104949,0.0987165
0.104038,0.101238,0.102565,0.0990669,0.0988442,0.102311,0.0977076,0.0942429,0.102971,0.0970147
0.103576,0.0996318,0.102082,0.0996134,0.0993748,0.102383,0.0985677,0.0961766,0.101498,0.0970962
0.102353,0.101236,0.100741,0.0998558,0.0992233,0.102201,0.0991627,0.0956909,0.102134,0.0974027
0.103379,0.101135,0.101139,0.0995778,0.098869,0.102841,0.0988247,0.0943767,0.103123,0.0967361
0.102275,0.100766,0.100782,0.09982,0.0989311,0.102369,0.0993982,0.0959047,0.102468,0.0972859
0.103525,0.10002,0.101131,0.099654,0.0986365,0.102882,0.0991299,0.0948674,0.103358,0.0967961
0.103644,0.100501,0.101427,0.0989276,0.0987187,0.102447,0.0985566,0.0946173,0.103825,0.097336
0.104398,0.100881,0.102357,0.0992672,0.0990428,0.10246,0.0978597,0.0943543,0.102591,0.0967887
0.103936,0.101447,0.10257,0.0999065,0.0989088,0.103024,0.0980212,0.0940199,0.102103,0.0960626
0.103559,0.101471,0.103484,0.100657,0.0985986,0.103614,0.0981163,0.0940365,0.101253,0.0952102
0.10234,0.101545,0.101319,0.10034,0.0989966,0.102863,0.0990901,0.0950156,0.101897,0.0965951
0.101093,0.102212,0.101472,0.100872,0.0980385,0.102959,0.0996086,0.0949858,0.102405,0.0963547
0.104658,0.101171,0.102875,0.0985401,0.0987631,0.102462,0.0972791,0.0935924,0.103698,0.0969618
0.105012,0.10144,0.103099,0.098502,0.0985395,0.102705,0.0970855,0.0929007,0.104104,0.096612
0.103391,0.101817,0.101703,0.0991235,0.098861,0.102583,0.098147,0.0938679,0.103468,0.0970382
0.103762,0.100694,0.101992,0.0987884,0.0991287,0.102191,0.0980105,0.0948746,0.103061,0.0974974
0.101571,0.100779,0.100555,0.0996503,0.0992187,0.101721,0.0994584,0.0969898,0.10201,0.0980469
0.103695,0.101559,0.10201,0.0992079,0.0989372,0.102743,0.0980259,0.0938834,0.103149,0.0967899
0.105258,0.101224,0.103295,0.0982833,0.0986198,0.102724,0.0968954,0.0928961,0.104159,0.0966458
0.104177,0.101534,0.102091,0.0981646,0.0986916,0.102366,0.0975361,0.0933915,0.104643,0.0974061
0.103986,0.101733,0.102195,0.0991504,0.0988437,0.102923,0.0978405,0.093399,0.103379,0.0965512
0.103561,0.1017,0.101819,0.0993584,0.0989272,0.102878,0.0981796,0.0937808,0.103134,0.0966628
0.10323,0.100958,0.101754,0.0983168,0.0989424,0.102117,0.0980525,0.094864,0.103907,0.0978578
0.104104,0.100244,0.10244,0.0982689,0.0989756,0.101942,0.0976872,0.0949866,0.103534,0.0978176
0.10315,0.101152,0.101865,0.0978137,0.0988159,0.101837,0.0977968,0.0948832,0.104476,0.0982109
0.102261,0.10025,0.100867,0.0988468,0.0993846,0.101728,0.0989543,0.0968065,0.102608,0.0982949
0.103213,0.101663,0.101029,0.0997267,0.0988874,0.103012,0.0988339,0.0941484,0.10302,0.0964659
0.103835,0.100918,0.10146,0.0990119,0.0987171,0.102693,0.0984448,0.0940628,0.103861,0.0969954
0.10334,0.102091,0.101683,0.099074,0.0988016,0.102845,0.098122,0.0936198,0.103659,0.0967644
0.103359,0.101744,0.101836,0.0984067,0.0987659,0.102439,0.0978751,0.0940017,0.104207,0.0973663
0.104868,0.102505,0.102268,0.0984657,0.0983084,0.103329,0.097317,0.0915055,0.105275,0.0961585
0.104136,0.102297,0.101757,0.0989315,0.0986916,0.103029,0.0978333,0.0926608,0.104192,0.0964737
0.10401,0.102055,0.101976,0.0990058,0.0986637,0.103316,0.0978868,0.0927404,0.104078,0.0962678
0.103346,0.103033,0.101645,0.0999712,0.0985516,0.103576,0.0983274,0.0925197,0.103354,0.0956754
0.103733,0.103026,0.101996,0.098778,0.0984861,0.103076,0.0976134,0.0923775,0.10452,0.0963941
0.104209,0.102205,0.102194,0.0986184,0.0985496,0.103184,0.0975693,0.092437,0.104598,0.0964362
0.103369,0.10378,0.101689,0.0994891,0.0985024,0.103472,0.0979253,0.0920945,0.103927,0.095751
0.10362,0.103305,0.101981,0.0986312,0.0984172,0.103118,0.0975451,0.0922906,0.104751,0.0963403
0.10412,0.103681,0.102152,0.0988448,0.0982087,0.103487,0.0973985,0.0912945,0.10501,0.0958025
0.104157,0.10397,0.102116,0.0991113,0.098164,0.103776,0.0974591,0.0909387,0.104899,0.0954082
0.104535,0.103512,0.102186,0.099779,0.0982056,0.104553,0.0977541,0.090545,0.104346,0.0945848
0.104727,0.103634,0.102801,0.100347,0.0979224,0.10535,0.0977271,0.0899548,0.103993,0.093544
0.103182,0.0983361,0.101759,0.0979429,0.0989256,0.101658,0.0986967,0.0972322,0.103634,0.0986338
0.10358,0.100936,0.101208,0.0991168,0.0989493,0.102939,0.0986283,0.0943975,0.103472,0.0967735
0.102895,0.0988215,0.101295,0.0983217,0.0990555,0.101991,0.0989681,0.0969112,0.103434,0.0983074
0.104163,0.100607,0.102059,0.0975725,0.0984313,0.102549,0.0977193,0.0939283,0.105484,0.0974867
0.103702,0.10172,0.102096,0.0979405,0.0982049,0.102699,0.0977054,0.0933779,0.105446,0.0971072
0.104503,0.103826,0.102338,0.0986582,0.0981002,0.10369,0.0971558,0.0907176,0.10543,0.0955813
0.105418,0.102816,0.103087,0.0994969,0.0982922,0.104675,0.0971966,0.0904953,0.104144,0.0943783
0.104512,0.102539,0.102296,0.0987198,0.0984212,0.103616,0.0974655,0.0917103,0.104818,0.095902
0.104308,0.102048,0.102155,0.0995087,0.098517,0.104559,0.0980727,0.0918995,0.103975,0.0949572
0.104484,0.102038,0.101702,0.0989879,0.0985949,0.103489,0.0979516,0.0923616,0.104395,0.095996
0.103449,0.1004,0.10157,0.0988186,0.0987723,0.102853,0.0985702,0.0947413,0.103783,0.0970431
0.103451,0.100286,0.101091,0.0990502,0.0989078,0.103062,0.0989168,0.0949664,0.103505,0.0967643
0.102782,0.100391,0.101054,0.098255,0.0989548,0.102036,0.0986593,0.0959963,0.10388,0.0979904
0.103867,0.103513,0.101943,0.0983877,0.0983836,0.103194,0.0973792,0.0919582,0.105132,0.0962422
0.104661,0.101379,0.101836,0.0981643,0.0986323,0.103091,0.0976938,0.0928716,0.105014,0.0966585
0.103513,0.101088,0.10109,0.0992745,0.0991498,0.10307,0.0986685,0.0944202,0.103107,0.0966191
0.103959,0.102797,0.101641,0.0991947,0.0980769,0.104117,0.0981925,0.091927,0.104891,0.0952041
0.104302,0.100835,0.101437,0.0984304,0.0986329,0.103018,0.0982325,0.0936919,0.104674,0.096745
0.105103,0.102762,0.101709,0.0992068,0.0985288,0.104104,0.0977428,0.0910881,0.104593,0.0951616
0.104639,0.100503,0.101364,0.098356,0.0987993,0.102978,0.098203,0.0937352,0.104594,0.0968283
0.104641,0.102239,0.101915,0.0989752,0.0983591,0.103762,0.097841,0.0918301,0.104763,0.0956751
0.103466,0.100828,0.101326,0.0991947,0.098896,0.103536,0.09876,0.0943202,0.10344,0.0962337
0.103423,0.101143,0.101489,0.0991132,0.0984132,0.10332,0.098669,0.0939552,0.10413,0.0963433
0.103628,0.103919,0.101712,0.0998289,0.0983479,0.10423,0.0980509,0.0914196,0.103974,0.094888
0.104838,0.102773,0.102185,0.0992734,0.0982903,0.104464,0.0976913,0.0909151,0.1047,0.0948693
0.103836,0.0998551,0.101721,0.098738,0.0987238,0.103332,0.0986115,0.0945536,0.103972,0.096657
0.104843,0.100827,0.102504,0.0982123,0.0981627,0.103568,0.0976932,0.0927493,0.105314,0.0961262
0.104146,0.100329,0.101818,0.0984272,0.0985667,0.103403,0.0982836,0.0938858,0.104615,0.0965254
0.105375,0.103256,0.102679,0.0984988,0.0980101,0.104603,0.0969964,0.0899201,0.105893,0.0947673
0.104367,0.101048,0.101483,0.0989614,0.0985853,0.10362,0.0983947,0.09318,0.104343,0.0960175
0.104493,0.0996033,0.10198,0.0979473,0.0985146,0.103262,0.0981601,0.0941056,0.105089,0.0968458
0.104704,0.100146,0.102711,0.0977232,0.0979417,0.103264,0.0976963,0.0935362,0.105747,0.0965311
0.104933,0.100591,0.10263,0.0980801,0.0980715,0.103488,0.0976579,0.0929468,0.105426,0.096176
0.103963,0.0979612,0.101531,0.09807,0.0985791,0.10224,0.0989477,0.0969827,0.104052,0.0976729
0.105355,0.100173,0.103369,0.0977037,0.0979967,0.10324,0.0971909,0.0931839,0.105458,0.0963303
0.10386,0.100702,0.101766,0.098669,0.0984371,0.103278,0.0983805,0.0938485,0.10452,0.0965383
0.104646,0.0989804,0.10241,0.0977465,0.0983211,0.102735,0.0980576,0.0951787,0.104857,0.0970673
0.103749,0.100746,0.101734,0.0985568,0.0983371,0.103332,0.0984116,0.0938989,0.104741,0.0964949
0.104865,0.101091,0.102314,0.0980851,0.0982565,0.103743,0.0976393,0.0923616,0.105569,0.0960749
0.104595,0.100901,0.102276,0.0979264,0.09811,0.103511,0.0977462,0.0927798,0.105795,0.0963602
0.104938,0.101795,0.102752,0.0971062,0.0978398,0.103351,0.0969323,0.0917662,0.10701,0.0965094
0.105693,0.101073,0.102867,0.0973607,0.0980556,0.103775,0.0969655,0.0914514,0.106629,0.0961284
0.105556,0.101039,0.102663,0.0980238,0.0982504,0.103974,0.0973125,0.0916647,0.105723,0.0957943
0.104514,0.100346,0.102305,0.0973609,0.098362,0.103042,0.0975871,0.0935596,0.105846,0.0970783
0.106517,0.103718,0.103471,0.0973371,0.0973716,0.104578,0.0959539,0.088262,0.108017,0.0947755
0.105477,0.10088,0.103219,0.095982,0.0977112,0.102948,0.0964406,0.0919591,0.108137,0.0972469
0.106475,0.102238,0.103297,0.0973383,0.0977,0.104412,0.0963739,0.0895052,0.107436,0.0952247
0.105568,0.100024,0.103076,0.0970717,0.098056,0.103282,0.0970678,0.0927113,0.106439,0.0967032
0.106207,0.101084,0.103133,0.0976124,0.09811,0.104281,0.0968328,0.0908715,0.106367,0.0955015
0.104246,0.100187,0.101319,0.0979977,0.0984995,0.103043,0.0983936,0.09425,0.105183,0.0968809
0.104684,0.102912,0.102465,0.0978141,0.0979822,0.103833,0.0970748,0.091171,0.106318,0.0957458
0.107153,0.103388,0.103712,0.0986554,0.0976483,0.105749,0.0962771,0.0877892,0.106346,0.0932827
0.106559,0.102192,0.103257,0.0976642,0.0978127,0.104887,0.0965149,0.0893363,0.107048,0.0947295
0.106089,0.102355,0.102848,0.0986083,0.0980456,0.105167,0.0970773,0.0896493,0.105857,0.0943032
0.106389,0.103009,0.102616,0.0981969,0.0977902,0.104838,0.0968321,0.0891152,0.106753,0.094461
0.105702,0.101458,0.102615,0.0985727,0.0981708,0.104985,0.097492,0.090779,0.105557,0.0946691
0.104641,0.100025,0.101896,0.0985801,0.0984728,0.104092,0.0984756,0.0933343,0.104649,0.0958333
0.104837,0.102056,0.101373,0.0994235,0.0984507,0.105073,0.0983948,0.0915803,0.104506,0.0943053
0.104306,0.100714,0.10181,0.0988352,0.0982424,0.104612,0.0985104,0.0929304,0.104878,0.0951625
0.105249,0.0999838,0.101231,0.0985709,0.0987563,0.104434,0.0985263,0.0931222,0.104739,0.0953876
0.103267,0.0982662,0.101273,0.098933,0.0984606,0.103482,0.0998198,0.0962746,0.103599,0.0966242
0.104273,0.0997164,0.101671,0.0985203,0.0985442,0.103823,0.0986664,0.0940914,0.104523,0.0961708
0.104227,0.100236,0.10163,0.0989386,0.0984183,0.10429,0.0988172,0.0935274,0.104372,0.0955431
0.103903,0.0976636,0.10129,0.0987598,0.0987906,0.1025,0.0996015,0.0969241,0.10308,0.0974864
0.102613,0.0999548,0.100646,0.0999914,0.0988472,0.103439,0.0999896,0.0958095,0.102416,0.0962935
0.102541,0.099479,0.100914,0.0992711,0.0986962,0.103377,0.099755,0.0962014,0.103165,0.0966007
0.102466,0.0985271,0.101119,0.0992034,0.0984802,0.102882,0.100071,0.0968873,0.10312,0.097245
0.102694,0.099567,0.100949,0.0995764,0.0986007,0.103678,0.0999223,0.0957843,0.103014,0.0962139
0.102359,0.0978504,0.102275,0.098613,0.0980296,0.101739,0.0995872,0.0980833,0.103207,0.0982577
0.105,0.102667,0.101916,0.0995603,0.0984275,0.105516,0.0980138,0.0906543,0.104418,0.0938269
0.103129,0.0977443,0.102307,0.0987306,0.0982387,0.102178,0.0994857,0.0975294,0.102966,0.0976922
0.103211,0.0994811,0.101224,0.0990152,0.0984156,0.103772,0.0994567,0.0954403,0.103874,0.0961105
0.10308,0.0988055,0.10103,0.0993942,0.0985347,0.103622,0.100026,0.0959315,0.103195,0.0963812
0.104188,0.0980594,0.101692,0.098535,0.0984964,0.103441,0.0993295,0.0955689,0.103986,0.0967038
0.102917,0.098873,0.101078,0.0992518,0.0984614,0.103529,0.0999475,0.0960464,0.103396,0.0965004
0.104148,0.0994396,0.101733,0.0983246,0.098406,0.103699,0.0986952,0.0943847,0.104799,0.096371
0.104514,0.100678,0.101883,0.0995073,0.0982878,0.104682,0.0988366,0.092706,0.103996,0.0949087
0.104165,0.0981679,0.101181,0.0990089,0.0988286,0.103441,0.0996239,0.0958987,0.103178,0.0965074
0.105515,0.0990415,0.102136,0.0979677,0.0984193,0.103817,0.0981793,0.0938427,0.105072,0.0960099
0.103989,0.097598,0.102405,0.0985113,0.0983991,0.10229,0.0991304,0.0971661,0.103067,0.0974447
0.104539,0.10029,0.101469,0.0997662,0.0984881,0.104672,0.0992586,0.0930708,0.10351,0.0949373
0.103258,0.0982458,0.10179,0.0992258,0.0983405,0.102929,0.0997784,0.0966228,0.102906,0.0969031
0.103639,0.0971184,0.102491,0.0992808,0.0994618,0.0997068,0.0991735,0.0977899,0.102497,0.098841
0.10269,0.096838,0.102814,0.0991103,0.0986169,0.100619,0.0996778,0.0985678,0.102306,0.0987596
0.103497,0.0978293,0.102499,0.0995758,0.0982068,0.102722,0.0997051,0.0969715,0.102175,0.0968189
0.103488,0.0977214,0.101254,0.100617,0.0994202,0.102442,0.100326,0.0962963,0.10184,0.096595
0.103653,0.0976732,0.101469,0.0983794,0.0988328,0.10201,0.0993768,0.0974331,0.103128,0.0980453
0.103506,0.097341,0.102565,0.0986585,0.0984824,0.101501,0.0992152,0.0981481,0.102367,0.0982158
0.103646,0.101131,0.101177,0.100124,0.098594,0.104586,0.0994142,0.0933792,0.103025,0.0949231
0.102687,0.0992594,0.101436,0.0995491,0.098408,0.10261,0.0997786,0.0965414,0.102668,0.0970634
0.103001,0.0981935,0.101848,0.0991317,0.0983093,0.102647,0.0997833,0.0969628,0.102889,0.0972346
0.103476,0.0987015,0.101699,0.0997645,0.0983743,0.103595,0.0998273,0.0959099,0.102628,0.0960243
0.105493,0.101555,0.102067,0.099328,0.0982634,0.105309,0.0982205,0.0909031,0.104678,0.0941814
0.102992,0.0968516,0.102704,0.0998805,0.0988898,0.100833,0.0999647,0.0978768,0.101881,0.0981271
0.104021,0.0978997,0.102905,0.0998801,0.0979336,0.10364,0.099758,0.096006,0.10222,0.0957359
0.103394,0.0995015,0.101382,0.101247,0.0982959,0.105222,0.100607,0.094384,0.101756,0.0942113
0.103917,0.0968406,0.103739,0.0989348,0.0978612,0.101958,0.099238,0.0978281,0.102205,0.0974782
0.103477,0.0984772,0.102149,0.0995867,0.0982461,0.103022,0.0997681,0.0962909,0.102428,0.0965545
0.105339,0.0994373,0.103086,0.101194,0.097852,0.105863,0.0996101,0.0925886,0.101934,0.0930949
0.103855,0.0998399,0.101783,0.100488,0.0983704,0.104412,0.0997991,0.0945244,0.102107,0.0948205
0.102598,0.0976565,0.101822,0.102848,0.100371,0.101028,0.101183,0.0961482,0.099879,0.0964665
0.103497,0.0989808,0.101854,0.0998731,0.0984569,0.103426,0.0997026,0.0959117,0.102251,0.0960466
0.104202,0.099856,0.101855,0.100083,0.0984866,0.104149,0.099455,0.0941333,0.102522,0.0952574
0.103379,0.0997136,0.101344,0.100444,0.0988944,0.103574,0.100087,0.0954358,0.101486,0.0956409
0.104033,0.0987239,0.101809,0.099952,0.0986943,0.102987,0.0996523,0.0960223,0.101772,0.0963539
0.10414,0.0998933,0.102083,0.101328,0.0982351,0.105459,0.0999862,0.0935272,0.101671,0.0936766
0.10532,0.102456,0.102924,0.10044,0.0979299,0.105903,0.0981075,0.0903548,0.103594,0.09297
0.106724,0.101201,0.103863,0.099578,0.098182,0.105428,0.0973136,0.0905876,0.103652,0.0934697
0.107365,0.101813,0.102731,0.0987106,0.0986624,0.104625,0.0968449,0.0904809,0.104545,0.0942218
0.106876,0.10216,0.103235,0.0990874,0.0984295,0.105147,0.0968497,0.0900801,0.104394,0.0937429
0.104548,0.0988155,0.102363,0.100332,0.0989812,0.103397,0.0996049,0.0956261,0.100873,0.0954599
0.10504,0.0981751,0.102147,0.0997097,0.099253,0.103347,0.099171,0.0960416,0.101255,0.095861
0.105932,0.101473,0.103237,0.0995784,0.0984779,0.10494,0.0975052,0.0914214,0.103395,0.0940405
0.105449,0.101108,0.1025,0.0996661,0.0987478,0.104704,0.0980761,0.0923641,0.103033,0.0943513
0.106428,0.100764,0.104763,0.100373,0.0980732,0.105495,0.0974314,0.0914561,0.102212,0.0930048
0.105916,0.0993075,0.101455,0.0985728,0.100573,0.102476,0.098593,0.0956783,0.101511,0.0959177
0.104001,0.100841,0.10113,0.100113,0.0997436,0.103831,0.0992568,0.0948417,0.101366,0.0948762
0.104814,0.0999618,0.100914,0.0993089,0.0990144,0.103715,0.0989126,0.0940814,0.103446,0.0958327
0.103699,0.0997514,0.0999918,0.0993595,0.0995005,0.103035,0.0996498,0.0955746,0.103016,0.0964227
0.10581,0.0999672,0.101827,0.0991006,0.0996193,0.103449,0.0982336,0.0942355,0.10233,0.0954274
0.106551,0.100072,0.102761,0.0988786,0.0985266,0.103761,0.0975531,0.0926048,0.103993,0.0952991
0.104467,0.0992785,0.100992,0.0981849,0.100045,0.101315,0.09842,0.0968205,0.102681,0.097797
0.106921,0.0991315,0.103641,0.0979754,0.0988564,0.102857,0.0968402,0.0938519,0.103657,0.0962692
0.105486,0.0998894,0.1016,0.0992754,0.0998209,0.103417,0.0985104,0.0946749,0.101922,0.0954045
0.104951,0.0991478,0.102484,0.0995057,0.0997224,0.102071,0.0988646,0.0964254,0.100557,0.0962701
0.10423,0.0985551,0.101313,0.0982451,0.099417,0.101456,0.0981483,0.0972248,0.103438,0.0979727
0.105487,0.10056,0.103127,0.0991585,0.0990704,0.102621,0.0980366,0.0938314,0.102218,0.0958899
0.106444,0.100025,0.10285,0.0998801,0.0988033,0.104947,0.0979351,0.0924969,0.102654,0.0939645
0.106729,0.100615,0.104736,0.0997678,0.0984247,0.104655,0.0969658,0.0920257,0.10225,0.09383
0.106857,0.100394,0.105262,0.100023,0.0982699,0.104614,0.0969283,0.092109,0.101849,0.0936933
0.106005,0.101149,0.103257,0.0985443,0.0987544,0.103472,0.0969025,0.0923385,0.103886,0.0956909
0.107619,0.100863,0.104911,0.0978367,0.0982894,0.103475,0.0957121,0.091237,0.104682,0.0953743
0.108325,0.101281,0.10567,0.0985224,0.0979817,0.104398,0.0955199,0.0900547,0.104258,0.0939881
0.109624,0.0999587,0.107102,0.0974785,0.0978075,0.103786,0.0946634,0.0902734,0.104717,0.0945902
0.105184,0.0983911,0.102455,0.0998541,0.0991679,0.102989,0.0988937,0.096113,0.100978,0.0959739
0.106436,0.100594,0.105122,0.100237,0.0982234,0.104823,0.0971434,0.0921556,0.101749,0.0935172
0.108446,0.0996974,0.105597,0.0987635,0.0985028,0.104209,0.0959618,0.0917883,0.102862,0.0941717
0.105546,0.0991505,0.102797,0.0998078,0.099013,0.104422,0.0983218,0.0943598,0.101933,0.0946497
0.109175,0.100197,0.105379,0.0989577,0.0979353,0.104927,0.095951,0.0901554,0.104028,0.0932946
0.106311,0.0995097,0.105197,0.100479,0.0981984,0.104286,0.0976492,0.093275,0.10105,0.094045
0.10641,0.0982686,0.102212,0.0989668,0.0996917,0.102515,0.0980266,0.096078,0.101481,0.0963497
0.105427,0.0979474,0.102444,0.0999649,0.0994726,0.102912,0.0987826,0.0965671,0.100496,0.0959864
0.105151,0.100042,0.102425,0.100113,0.0991018,0.103845,0.0983337,0.0941987,0.101697,0.0950925
0.105475,0.0999228,0.102787,0.0993137,0.0988657,0.103204,0.097835,0.0940312,0.102687,0.0958785
0.104875,0.0998742,0.102746,0.100223,0.0979153,0.104136,0.0987031,0.093435,0.103207,0.0948853
0.103854,0.0989094,0.102421,0.101456,0.0984238,0.105007,0.0997603,0.0950675,0.101064,0.0940378
0.106096,0.0989636,0.103682,0.0987509,0.0978787,0.102723,0.0965658,0.0937165,0.105224,0.0963999
0.107587,0.0996761,0.104912,0.0990971,0.0983836,0.103882,0.0965022,0.0923722,0.102963,0.0946245
0.105721,0.0994911,0.102442,0.100848,0.0988851,0.104905,0.0987793,0.0936879,0.101398,0.0938421
0.106582,0.0993591,0.103784,0.0995942,0.0985709,0.103974,0.0975221,0.0933177,0.102516,0.0947799
0.10566,0.09911,0.102872,0.100661,0.0984152,0.1046,0.0987074,0.0936393,0.102072,0.0942636
0.10538,0.0999023,0.10292,0.101992,0.0984193,0.105809,0.0991063,0.0929432,0.100843,0.0926852
0.105656,0.0994884,0.103083,0.0988984,0.0979642,0.102857,0.0971119,0.0935502,0.105032,0.096358
0.10755,0.100934,0.10543,0.0997889,0.0984038,0.104748,0.0962328,0.0913141,0.102206,0.0933929
0.108193,0.0993852,0.104974,0.100019,0.098174,0.105187,0.096941,0.0915707,0.10249,0.093066
0.108467,0.100164,0.105398,0.098133,0.0980743,0.103437,0.0954904,0.0913104,0.1045,0.0950257
0.109548,0.100256,0.106601,0.0991879,0.098264,0.105197,0.095284,0.090182,0.10275,0.0927305
0.108548,0.101314,0.106167,0.0997876,0.0980722,0.105647,0.0957114,0.0898054,0.102676,0.0922712
0.10727,0.101367,0.104422,0.0998295,0.0983594,0.104888,0.0966897,0.0909396,0.102816,0.093419
0.107945,0.100394,0.104726,0.098363,0.0983832,0.104025,0.0960623,0.0912544,0.104138,0.0947089
0.106161,0.099473,0.102575,0.0998966,0.0982483,0.104599,0.098305,0.092614,0.103627,0.0945009
0.106184,0.100008,0.102456,0.0998251,0.098349,0.10482,0.0982849,0.0921657,0.103624,0.0942825
0.104416,0.098908,0.10139,0.0999983,0.0976564,0.103972,0.0988367,0.0938154,0.105352,0.0956552
0.10653,0.0993951,0.102807,0.0999581,0.0977998,0.10478,0.0981496,0.0920695,0.104315,0.0941952
0.106521,0.100786,0.10258,0.100745,0.0983005,0.105348,0.0982994,0.0913244,0.102836,0.0932586
0.104506,0.0992735,0.101663,0.0995884,0.0975196,0.103875,0.0984399,0.0934203,0.105935,0.0957793
0.108222,0.100116,0.104739,0.0979501,0.0976092,0.103461,0.0955905,0.090922,0.106126,0.0952644
0.108808,0.0994614,0.105179,0.0992517,0.0977902,0.105022,0.0963774,0.0907488,0.104028,0.093334
0.11012,0.0998528,0.106947,0.0990313,0.0980511,0.105274,0.0951237,0.0899716,0.10306,0.0925685
0.109101,0.100053,0.106059,0.0995921,0.098226,0.105395,0.0958695,0.0904777,0.102599,0.0926283
0.109438,0.100785,0.1066,0.0993167,0.09822,0.105127,0.0952085,0.089947,0.102691,0.0926679
0.10917,0.100012,0.10589,0.0990341,0.0981375,0.105065,0.0957489,0.0904614,0.103369,0.0931116
0.107737,0.0990493,0.105143,0.0982474,0.0982594,0.103612,0.0957931,0.0925251,0.104376,0.0952573
0.107229,0.0987051,0.105065,0.0999519,0.0987641,0.104575,0.0972933,0.0937296,0.100915,0.0937712
0.105477,0.0977747,0.102261,0.102263,0.0977082,0.106988,0.100458,0.0931149,0.101923,0.0920319
0.106429,0.0978679,0.101586,0.102717,0.097703,0.107028,0.100501,0.0924722,0.102077,0.0916182
0.102129,0.099373,0.101122,0.104109,0.0972634,0.106971,0.102112,0.0939099,0.100926,0.0920843
0.102644,0.0995831,0.10116,0.104118,0.0966319,0.107174,0.102124,0.0929486,0.101917,0.0916997
0.102994,0.100349,0.100746,0.105339,0.0970232,0.108157,0.102371,0.0918997,0.100691,0.0904308
0.103284,0.0996986,0.10076,0.102997,0.0972095,0.106054,0.101484,0.0932606,0.102361,0.092891
0.107167,0.0996491,0.102342,0.101789,0.0983803,0.105851,0.0990044,0.0920254,0.101502,0.0922893
0.104411,0.0992954,0.102494,0.1037,0.0978399,0.107447,0.100621,0.0929403,0.100155,0.0910955
0.105152,0.0986335,0.100852,0.102246,0.098313,0.105463,0.100443,0.0937367,0.101763,0.0933961
0.103207,0.0992366,0.101521,0.104596,0.0973924,0.108076,0.101904,0.0929824,0.100349,0.0907355
0.103345,0.0997357,0.100751,0.103391,0.0970368,0.106391,0.101499,0.0929124,0.102469,0.0924691
0.10385,0.0983717,0.100398,0.102176,0.0978363,0.105005,0.100428,0.0944435,0.103218,0.0942728
0.103682,0.0981721,0.100673,0.102329,0.0971394,0.105316,0.1002,0.0941487,0.104392,0.0939472
0.103637,0.0983883,0.100631,0.103374,0.0969846,0.105961,0.100833,0.0936103,0.103516,0.0930641
0.10265,0.0984699,0.101012,0.103187,0.0962158,0.105546,0.100181,0.0940414,0.105149,0.0935482
0.102759,0.0974247,0.101034,0.102581,0.0963154,0.104858,0.0999284,0.0949921,0.105623,0.0944844
0.103554,0.0991931,0.10029,0.104467,0.0974101,0.106383,0.101438,0.0931451,0.101775,0.0923439
0.102008,0.0988246,0.101026,0.104807,0.0965704,0.106401,0.101986,0.0940786,0.101849,0.0924485
0.102532,0.0989283,0.100742,0.102933,0.0971592,0.104955,0.100847,0.0946975,0.103045,0.094161
0.103505,0.0991099,0.1005,0.103395,0.0975475,0.105977,0.10137,0.0936069,0.102002,0.0929849
0.101277,0.0990609,0.100998,0.103322,0.0964095,0.104486,0.100175,0.0952797,0.104385,0.0946076
0.101269,0.0983554,0.10122,0.103564,0.0958597,0.104695,0.100238,0.0952898,0.105093,0.0944155
0.10041,0.100265,0.100962,0.105555,0.0958813,0.105507,0.100914,0.0942736,0.103209,0.0930233
0.0988562,0.0993591,0.10147,0.104889,0.0951046,0.103979,0.100157,0.0962831,0.10503,0.0948728
0.097904,0.0990427,0.102095,0.104841,0.0937539,0.103903,0.0994756,0.0964337,0.107562,0.0949898
0.0999547,0.0987629,0.101384,0.104539,0.0952654,0.104469,0.100163,0.0957029,0.105297,0.0944611
0.100128,0.0990609,0.10143,0.103793,0.0953737,0.104365,0.0998453,0.0955616,0.105773,0.0946697
0.099925,0.098913,0.101364,0.10409,0.0954543,0.104184,0.1,0.0959087,0.105331,0.0948294
0.10028,0.0994485,0.101112,0.104616,0.0958934,0.104666,0.100573,0.0953232,0.103925,0.0941623
0.097553,0.0989842,0.101929,0.105035,0.0941176,0.103373,0.0996745,0.0971884,0.106607,0.0955393
0.0997826,0.100215,0.101168,0.105962,0.0953738,0.10545,0.100897,0.0944789,0.103646,0.0930261
0.0989023,0.0992424,0.101628,0.104632,0.0948459,0.104066,0.100021,0.0961527,0.105674,0.0948349
0.0993438,0.0996749,0.101526,0.104055,0.0952566,0.104139,0.10002,0.0958166,0.105358,0.0948093
0.100992,0.100023,0.101057,0.104907,0.0959844,0.105687,0.101167,0.0940444,0.103176,0.0929609
0.10235,0.100003,0.100797,0.103632,0.0968509,0.105772,0.101082,0.0936106,0.102833,0.0930699
0.102366,0.0993944,0.100775,0.104389,0.0966503,0.10599,0.101403,0.0936854,0.102575,0.0927732
0.102669,0.0994278,0.100716,0.104515,0.0966115,0.106317,0.101272,0.0932546,0.102813,0.092405
0.101903,0.0992035,0.100961,0.104296,0.0962386,0.105709,0.100988,0.094032,0.103551,0.0931167
0.102587,0.0988797,0.100626,0.105581,0.0964625,0.106554,0.101715,0.0933549,0.10221,0.0920291
0.100427,0.0993743,0.101073,0.10508,0.0959248,0.10499,0.101086,0.0951064,0.1032,0.0937392
0.101505,0.0986514,0.10102,0.105644,0.0962493,0.10638,0.101927,0.0942929,0.101976,0.0923532
0.102837,0.0993956,0.100512,0.104821,0.0970664,0.106335,0.101807,0.0933767,0.101521,0.0923283
0.0988745,0.0998825,0.101507,0.106331,0.0949409,0.105101,0.101676,0.0952932,0.103032,0.0933606
0.10053,0.098577,0.101094,0.105742,0.0955583,0.10524,0.10111,0.095116,0.10359,0.0934434
0.099437,0.10115,0.1016,0.107121,0.0948707,0.106785,0.103288,0.0933303,0.101108,0.0913103
0.101491,0.100267,0.100533,0.106382,0.096588,0.106404,0.102036,0.0934084,0.10098,0.0919109
0.101055,0.100643,0.101171,0.105821,0.096033,0.106802,0.102892,0.0931686,0.100829,0.091586
0.101933,0.100552,0.100596,0.106591,0.096557,0.107173,0.102831,0.0925778,0.100159,0.0910324
0.100045,0.10176,0.101143,0.107175,0.0956862,0.106983,0.103376,0.092865,0.0999483,0.0910186
0.098836,0.103824,0.101062,0.109993,0.0950459,0.108413,0.10428,0.0913238,0.0983485,0.0888731
0.100581,0.100175,0.101098,0.105609,0.0959113,0.105815,0.101916,0.0941307,0.102079,0.0926843
0.0994877,0.102708,0.101028,0.108128,0.0959052,0.107574,0.103562,0.0925067,0.0988583,0.0902422
0.101698,0.10059,0.100672,0.10554,0.0969259,0.10643,0.102598,0.0933669,0.100181,0.0919984
0.100349,0.10164,0.101062,0.107313,0.0957454,0.107208,0.103421,0.0926244,0.0998649,0.0907719
0.100417,0.101229,0.101257,0.107061,0.0958802,0.107722,0.103352,0.0927208,0.099878,0.0904833
0.0988234,0.102959,0.101393,0.109041,0.0948385,0.107951,0.104121,0.0920326,0.0992254,0.089615
0.100297,0.101487,0.101297,0.10595,0.0957371,0.10656,0.102879,0.0931697,0.100923,0.0917001
0.100525,0.10209,0.100807,0.110261,0.0957445,0.109842,0.104472,0.0908162,0.0976903,0.0877527
0.101696,0.100703,0.100473,0.106471,0.0968908,0.106716,0.102792,0.0930498,0.099704,0.0915041
0.100537,0.101898,0.100776,0.107891,0.0960935,0.107496,0.103533,0.0923288,0.0990897,0.0903557
0.097503,0.103139,0.101852,0.109776,0.0942363,0.108136,0.104597,0.092476,0.0989089,0.0893756
0.099846,0.103651,0.10065,0.111067,0.0952385,0.109445,0.104618,0.0902005,0.0976324,0.08765
0.0987295,0.104161,0.100894,0.110908,0.0950181,0.108744,0.104594,0.0909476,0.097677,0.088327
0.10008,0.102346,0.100721,0.109324,0.0957566,0.108031,0.104127,0.0918475,0.0982678,0.0894995
0.100287,0.103157,0.100599,0.110705,0.0954109,0.109367,0.104516,0.0903192,0.0977997,0.0878387
0.100872,0.101792,0.100595,0.107636,0.0964273,0.107295,0.103371,0.0924229,0.0989926,0.090597
0.0992338,0.10294,0.1009,0.11215,0.0950817,0.110208,0.10528,0.0905695,0.0966749,0.0869614
0.102864,0.10031,0.100438,0.106535,0.0966162,0.107766,0.10248,0.091797,0.100737,0.0904568
0.103985,0.0996824,0.100175,0.10744,0.096767,0.108812,0.103236,0.0908995,0.099728,0.0892758
0.103705,0.0993449,0.100189,0.108582,0.096506,0.109148,0.104029,0.0909123,0.0988128,0.0887705
0.100884,0.100174,0.10092,0.107431,0.0955919,0.107046,0.102545,0.0930084,0.101312,0.0910882
0.101829,0.099479,0.100679,0.106431,0.0960037,0.106729,0.101464,0.0931291,0.102596,0.0916604
0.103206,0.100777,0.100339,0.107477,0.0965593,0.108783,0.10326,0.0907353,0.0996636,0.0891999
0.10307,0.0989949,0.100451,0.108095,0.0959303,0.108493,0.102835,0.0915665,0.100972,0.0895917
0.102307,0.0997372,0.100733,0.107009,0.0959183,0.107743,0.102556,0.0921294,0.101394,0.090474
0.102398,0.0986801,0.100614,0.106825,0.0961698,0.107139,0.10221,0.0930852,0.101628,0.0912521
0.101096,0.0991717,0.101103,0.105909,0.0953111,0.106218,0.100924,0.0937356,0.104204,0.0923279
0.102414,0.0989212,0.100585,0.107119,0.0958277,0.107404,0.101646,0.0925629,0.102622,0.0908992
0.10359,0.0976635,0.101798,0.106042,0.0980017,0.107152,0.102819,0.0935661,0.0983485,0.0910191
0.0994252,0.0997381,0.101522,0.107848,0.0940491,0.10669,0.101454,0.0935641,0.104248,0.0914622
0.0996009,0.100825,0.101056,0.107766,0.0950054,0.106525,0.101469,0.093405,0.102815,0.0915327
0.100707,0.100527,0.100916,0.107412,0.0953527,0.107061,0.101722,0.0927568,0.102489,0.0910573
0.0992975,0.0992897,0.10155,0.107545,0.0941283,0.106207,0.101394,0.0942152,0.104314,0.0920602
0.0997404,0.0990761,0.101459,0.106865,0.0943053,0.106026,0.10073,0.0942197,0.105192,0.0923876
0.100313,0.100039,0.101268,0.108858,0.0943986,0.107932,0.102773,0.0923235,0.102128,0.0899681
0.0977581,0.099145,0.101899,0.107288,0.0934417,0.105024,0.100452,0.0955922,0.106035,0.0933654
0.0997733,0.0998681,0.10139,0.10792,0.0944529,0.106889,0.102103,0.0933905,0.102991,0.0912211
0.100126,0.100557,0.101222,0.108654,0.0946996,0.107724,0.103007,0.0924524,0.101403,0.0901547
0.100374,0.0997664,0.101402,0.107279,0.0946035,0.107056,0.102048,0.0930814,0.103226,0.0911647
0.0999195,0.100562,0.101053,0.109191,0.0948556,0.107596,0.103097,0.0926819,0.100852,0.0901908
0.100515,0.100137,0.100957,0.106996,0.0954653,0.106479,0.101637,0.0934894,0.102554,0.0917702
0.100066,0.10009,0.101142,0.107508,0.0949135,0.106647,0.101588,0.0934169,0.103108,0.0915214
0.102113,0.100309,0.100724,0.107891,0.0958827,0.108327,0.10354,0.0916097,0.0999487,0.0896558
0.100833,0.10079,0.100964,0.108642,0.0952868,0.108104,0.103578,0.0919679,0.100111,0.0897233
0.102256,0.101412,0.100535,0.107821,0.0962168,0.108621,0.103406,0.0909197,0.0995593,0.0892529
0.101302,0.102681,0.100709,0.108647,0.0956972,0.109032,0.103621,0.0903586,0.0993705,0.0885816
0.10337,0.101186,0.100351,0.106822,0.0966738,0.108722,0.102846,0.0905289,0.100167,0.0893337
0.102365,0.10022,0.100888,0.105851,0.0960649,0.107473,0.102343,0.0921284,0.10177,0.0908961
0.104366,0.10037,0.100186,0.105544,0.0972635,0.108254,0.102306,0.090907,0.100712,0.0900917
0.104569,0.0992053,0.100293,0.105536,0.0971097,0.108095,0.102586,0.0914383,0.100799,0.0903684
0.103143,0.100788,0.100589,0.106622,0.0963145,0.108562,0.102806,0.0908258,0.100768,0.0895799
0.10313,0.100195,0.100475,0.105949,0.0966783,0.10766,0.102212,0.0918043,0.101221,0.0906765
0.101636,0.100206,0.100894,0.107644,0.095427,0.107958,0.102594,0.0919233,0.101604,0.0901133
0.101884,0.101077,0.100846,0.108192,0.0953638,0.108881,0.103066,0.0907667,0.100934,0.0889894
0.0999218,0.100328,0.101262,0.107528,0.0947103,0.106803,0.101657,0.0932091,0.103246,0.0913332
0.102918,0.100383,0.1007,0.107435,0.09581,0.108893,0.103003,0.0907286,0.100969,0.0891588
0.100975,0.0996645,0.100975,0.107283,0.0951438,0.106999,0.10144,0.0929728,0.103313,0.0912339
0.0992716,0.0989038,0.101755,0.10668,0.0939377,0.105801,0.100916,0.094607,0.105457,0.0926705
0.102806,0.101175,0.100686,0.107524,0.0957078,0.109194,0.102716,0.0901513,0.101272,0.0887691
0.102353,0.0994944,0.101091,0.107058,0.0951987,0.108303,0.102687,0.0916141,0.102274,0.0899265
0.102291,0.0994486,0.100945,0.107702,0.0951282,0.108447,0.102475,0.0914973,0.102384,0.0896823
0.101768,0.0991342,0.10106,0.107953,0.0952844,0.108337,0.10297,0.0922097,0.101424,0.0898604
0.101979,0.0997714,0.100984,0.108809,0.0948004,0.109062,0.103121,0.0909987,0.101632,0.0888434
0.0997618,0.0995703,0.101438,0.107588,0.094449,0.106612,0.101927,0.0937236,0.103335,0.0915955
0.10117,0.0992861,0.101207,0.107777,0.0948723,0.107652,0.102768,0.0926335,0.102133,0.0905008
0.101217,0.100411,0.101104,0.108305,0.0949341,0.108376,0.103108,0.0916167,0.101371,0.0895563
0.10109,0.0981203,0.101264,0.10654,0.0949145,0.106397,0.101562,0.0940325,0.103946,0.0921344
0.101382,0.0987547,0.101265,0.10857,0.0949752,0.108261,0.104412,0.0925666,0.10002,0.089792
0.100255,0.100016,0.101349,0.109015,0.0941231,0.108118,0.102638,0.0921228,0.102603,0.0897601
0.101431,0.0992222,0.101011,0.107973,0.0948237,0.107786,0.10189,0.0923197,0.103195,0.0903493
0.0992587,0.0990728,0.101706,0.10725,0.0937269,0.106186,0.100776,0.0941504,0.105717,0.0921567
0.0972558,0.0995877,0.102295,0.109106,0.0923761,0.106434,0.101696,0.0943449,0.10538,0.0915245
0.0983155,0.100478,0.101669,0.108749,0.0936829,0.106658,0.101885,0.0937043,0.10359,0.0912676
0.0998114,0.100236,0.101171,0.107341,0.0949087,0.106392,0.101399,0.0936425,0.103297,0.0918029
0.099688,0.0991987,0.101537,0.108585,0.0937249,0.107246,0.101724,0.0931854,0.104294,0.090817
0.0977041,0.100701,0.102027,0.107836,0.0931399,0.106153,0.100915,0.0940071,0.105588,0.0919291
0.0981355,0.0994819,0.101618,0.107904,0.0938952,0.105462,0.101063,0.0951295,0.104548,0.0927633
0.0989254,0.0993175,0.10196,0.107859,0.0933592,0.106678,0.101768,0.0938287,0.104792,0.0915122
0.0985698,0.100606,0.101254,0.108909,0.094572,0.106374,0.102382,0.0940598,0.101766,0.0915077
0.0992095,0.10042,0.101523,0.108025,0.0944452,0.106772,0.102705,0.0935624,0.102077,0.0912603
0.0984051,0.0994407,0.101662,0.107369,0.094222,0.10538,0.101657,0.0952686,0.103657,0.0929384
0.0989079,0.0995845,0.101338,0.107993,0.0946443,0.105834,0.10205,0.0947762,0.102538,0.0923336
0.098825,0.0996738,0.101562,0.107039,0.0948094,0.105458,0.102517,0.0951875,0.102057,0.0928714
0.098112,0.0996474,0.101723,0.107245,0.0943839,0.105134,0.102173,0.095619,0.102774,0.0931892
0.0975885,0.0993883,0.101816,0.107128,0.0941034,0.104609,0.101543,0.0962359,0.103788,0.0938005
0.0980265,0.0992418,0.101851,0.106306,0.0940436,0.104577,0.100733,0.0960057,0.105219,0.0939978
0.0997767,0.100207,0.10133,0.106789,0.095072,0.106169,0.102032,0.093977,0.102526,0.0921214
0.0999426,0.0990892,0.101234,0.106483,0.0952232,0.105538,0.101627,0.0948859,0.103027,0.0929504
0.0998842,0.0995085,0.101279,0.107041,0.0950294,0.106073,0.102011,0.0942941,0.102631,0.0922488
0.0990308,0.099275,0.101332,0.106253,0.0952537,0.10469,0.101573,0.0958942,0.102828,0.0938706
