0,1,2,3,4,5,6,7,8,9
0,0,0,0,0,0,0,0,0,0
0,0,0,0,0,0,0,0,0,0
0,0,0,0,0,0,0,0,0,0
0,0,0,0,0,0,0,0,0,0
0,0,0,0,0,0,0,0,0,0
0,0,0,0,0,0,0,0,0,0
0,0,0,0,0,0,0,0,0,0
0,0,0,0,0,0,0,0,0,0
0,0,0,0,0,0,0,0,0,0
0.101868,0.0975673,0.10254,0.103045,0.0995461,0.0998868,0.0945339,0.0988534,0.100686,0.101473
0.100779,0.100002,0.0992504,0.101784,0.0986164,0.101856,0.0967917,0.100539,0.0995071,0.100873
0.101757,0.0996829,0.0999626,0.103455,0.0987099,0.102282,0.0943844,0.0994394,0.0997108,0.100616
0.101457,0.0982264,0.101253,0.104309,0.0977569,0.101781,0.094263,0.0995958,0.0997658,0.101591
0.10189,0.0989655,0.0984041,0.105467,0.0968288,0.104495,0.0925331,0.0999296,0.0993755,0.102111
0.10094,0.101619,0.0978717,0.101083,0.0973917,0.105506,0.0942116,0.101014,0.0986273,0.101736
0.0996859,0.105648,0.0956994,0.0994034,0.0963766,0.111006,0.0910859,0.102647,0.0963147,0.102132
0.10026,0.106348,0.0946328,0.0994219,0.0949758,0.112853,0.0893293,0.1037,0.095505,0.102973
0.099925,0.107151,0.0941334,0.099739,0.09503,0.113719,0.0890783,0.103383,0.0953327,0.102509
0.101747,0.104142,0.0946245,0.101091,0.0940532,0.110915,0.0899715,0.103785,0.0963403,0.103331
0.102184,0.103825,0.0954228,0.100574,0.0937867,0.10959,0.0907705,0.104327,0.096127,0.103393
0.101712,0.102137,0.0973092,0.100948,0.0951402,0.106341,0.0934975,0.103265,0.0971907,0.10246
0.101619,0.101184,0.0975418,0.101827,0.0935741,0.107953,0.0920677,0.10386,0.0967769,0.103597
0.100359,0.0990795,0.0996045,0.101476,0.0947335,0.105868,0.0946528,0.102824,0.0978213,0.103582
0.100602,0.101274,0.0983246,0.101647,0.0949677,0.106443,0.0945023,0.102856,0.0971505,0.102234
0.0975831,0.0967856,0.103503,0.103872,0.0964105,0.10277,0.0957538,0.101809,0.0976234,0.103889
0.0952479,0.0958617,0.110088,0.103797,0.0987763,0.100576,0.090949,0.103016,0.0953608,0.106328
0.0960815,0.0966735,0.108658,0.108879,0.098474,0.100521,0.0879015,0.103332,0.0947793,0.1047
0.0971707,0.096866,0.106328,0.109842,0.098428,0.100224,0.0889012,0.102852,0.0956305,0.103758
0.0981767,0.0979173,0.103295,0.106829,0.099248,0.0998275,0.092932,0.102732,0.0970577,0.101985
0.100933,0.0960144,0.101118,0.109383,0.098621,0.0991681,0.0924719,0.100953,0.0996246,0.101713
0.101622,0.0969483,0.101183,0.10582,0.0993411,0.0994672,0.0943504,0.0990357,0.100598,0.101633
0.102329,0.0991499,0.0996306,0.105413,0.0977677,0.102329,0.0939304,0.0996076,0.0994888,0.100354
0.103628,0.0984866,0.0996272,0.105784,0.097545,0.102939,0.0926647,0.0988439,0.100194,0.100287
0.10319,0.0951162,0.1002,0.104149,0.0975512,0.101285,0.0934375,0.0994578,0.101643,0.103969
0.101969,0.097571,0.0993461,0.104499,0.098937,0.100629,0.0957731,0.0994418,0.100514,0.101321
0.102802,0.0959057,0.0987599,0.105998,0.0987386,0.100199,0.0948827,0.0993782,0.101173,0.102163
0.102399,0.0966552,0.10056,0.103228,0.099017,0.100805,0.0946254,0.0993658,0.101206,0.102139
0.101355,0.0982159,0.100964,0.102281,0.0980076,0.101862,0.0956735,0.100121,0.0998105,0.10171
0.1017,0.0990363,0.101068,0.101446,0.0987125,0.102336,0.0947365,0.0999073,0.0999163,0.101142
0.100468,0.0988096,0.100594,0.100226,0.0978451,0.102483,0.0969502,0.100816,0.0996228,0.102185
0.100205,0.100596,0.0986544,0.103021,0.097951,0.101315,0.098402,0.102405,0.098453,0.0989977
0.10219,0.100087,0.0966219,0.109335,0.0978136,0.102168,0.0935459,0.102928,0.0979375,0.0973728
0.101678,0.0999221,0.0957281,0.108443,0.0976089,0.101277,0.0954972,0.104119,0.0982143,0.0975124
0.100307,0.101156,0.0997557,0.101287,0.0979792,0.102229,0.0973975,0.101577,0.0980368,0.100274
0.102137,0.101616,0.0995385,0.102637,0.0945247,0.104938,0.0953634,0.103441,0.0957546,0.10005
0.102341,0.101159,0.101917,0.103722,0.0916705,0.108214,0.0913715,0.102969,0.0953108,0.101325
0.105094,0.0948237,0.107932,0.108407,0.0976146,0.0994762,0.0880833,0.0954761,0.10043,0.102664
0.103135,0.0924736,0.108832,0.107377,0.0976528,0.0976356,0.0885915,0.0968361,0.101222,0.106244
0.10267,0.0921867,0.108322,0.106844,0.0981745,0.0968494,0.0899751,0.0970922,0.101641,0.106245
0.10311,0.0929898,0.105963,0.108264,0.099324,0.0962489,0.0912193,0.096608,0.102192,0.104082
0.102899,0.0954136,0.104073,0.108166,0.0993449,0.0982744,0.0910169,0.0971833,0.1014,0.102229
0.101986,0.0967287,0.103977,0.104565,0.0995983,0.0991534,0.0925706,0.098478,0.100517,0.102426
0.101517,0.0977005,0.10317,0.102819,0.0997511,0.0998018,0.0938957,0.0991376,0.100179,0.102029
0.100534,0.0979306,0.099919,0.101933,0.0985212,0.100631,0.0979547,0.100305,0.0998764,0.102395
0.101224,0.0988122,0.0995932,0.106596,0.096396,0.103308,0.0939047,0.100236,0.098746,0.101184
0.101979,0.0973952,0.0999308,0.108159,0.093835,0.105442,0.0915449,0.100371,0.0986834,0.10266
0.102349,0.0967357,0.100334,0.109896,0.0925162,0.106327,0.090261,0.100251,0.0982124,0.103118
0.10189,0.100122,0.0999696,0.107776,0.0938579,0.106019,0.0919534,0.10057,0.0973589,0.100483
0.101495,0.100524,0.0992892,0.104637,0.0949392,0.105505,0.0932707,0.101217,0.0977881,0.101335
0.100967,0.0999115,0.0994191,0.104374,0.0923239,0.107326,0.0926961,0.10335,0.0964815,0.103151
0.102627,0.0976287,0.0975771,0.115663,0.088738,0.108832,0.0880167,0.104137,0.0953072,0.101472
0.101742,0.0977494,0.100271,0.113312,0.0934713,0.104891,0.0902616,0.100323,0.0971479,0.100831
0.102079,0.0953276,0.0996837,0.112078,0.0918996,0.106132,0.0899792,0.100357,0.098806,0.103658
0.101572,0.0961,0.103107,0.109369,0.0958296,0.102589,0.0895029,0.0998272,0.0990842,0.103019
0.101604,0.095342,0.106208,0.107609,0.0975444,0.10124,0.0877931,0.0994196,0.099093,0.104148
0.101652,0.0911638,0.11268,0.10076,0.0991919,0.0985239,0.0874461,0.0985804,0.100476,0.109525
0.101993,0.0926452,0.111737,0.100695,0.100159,0.0976859,0.0884405,0.0985861,0.10039,0.10767
0.101701,0.0926219,0.10919,0.100961,0.0988338,0.0982351,0.091217,0.0985391,0.10079,0.107911
0.102308,0.0913872,0.109074,0.102008,0.0983045,0.0984374,0.0902596,0.0982299,0.101179,0.108813
0.104446,0.0926015,0.111948,0.102216,0.1004,0.0973871,0.0871934,0.096785,0.101512,0.105511
0.103059,0.0945378,0.106062,0.104072,0.0983254,0.0995644,0.0918692,0.0975523,0.101124,0.103833
0.102567,0.0989523,0.10201,0.107741,0.0959568,0.103136,0.0925571,0.0985752,0.0989689,0.0995352
0.103597,0.100903,0.101725,0.110994,0.093034,0.107541,0.0871301,0.0999205,0.0960674,0.0990879
0.103452,0.0989069,0.107645,0.109641,0.096704,0.102891,0.0835772,0.098562,0.0972527,0.101369
0.104477,0.104074,0.101278,0.109693,0.0951697,0.106262,0.0867494,0.0989801,0.0965567,0.0967602
0.103829,0.106225,0.0968993,0.103779,0.0948644,0.107963,0.0880079,0.10258,0.0961165,0.0997355
0.104801,0.104077,0.0993149,0.106227,0.0948782,0.106996,0.0860474,0.101072,0.0967484,0.0998389
0.102437,0.104522,0.0981598,0.102549,0.0952759,0.106564,0.0897596,0.103034,0.0965954,0.101104
0.101306,0.102188,0.100565,0.101704,0.0958841,0.105032,0.0901648,0.102873,0.0972107,0.103072
0.101816,0.103958,0.098292,0.0996986,0.0951853,0.106844,0.0919852,0.103841,0.0958731,0.102507
0.102012,0.10414,0.0977285,0.102003,0.0958522,0.105942,0.0914446,0.103016,0.0970356,0.100827
0.10391,0.0993041,0.103932,0.106221,0.0968822,0.103299,0.0864616,0.0997602,0.0984739,0.101756
0.103072,0.0992744,0.103048,0.104233,0.0974391,0.10268,0.0886348,0.100195,0.0990042,0.102419
0.102536,0.10159,0.0999879,0.104589,0.0962215,0.104503,0.0910652,0.101137,0.0980411,0.100329
0.102647,0.100675,0.100568,0.103088,0.0968015,0.104029,0.0899311,0.101525,0.0981947,0.102541
0.104204,0.0992733,0.101812,0.105265,0.0984049,0.102138,0.0894348,0.0989219,0.0995747,0.100972
0.103193,0.0998808,0.100538,0.105876,0.0986762,0.10197,0.0928369,0.0989051,0.099688,0.098436
0.103021,0.0993592,0.09996,0.105003,0.0996544,0.101591,0.0934703,0.0982007,0.10027,0.0994704
0.102581,0.097928,0.101743,0.103024,0.0997919,0.100871,0.0937801,0.0986458,0.100616,0.101018
0.102057,0.0965382,0.104299,0.108919,0.0990752,0.100227,0.088555,0.0990942,0.0991527,0.102083
0.101701,0.0978869,0.103931,0.108248,0.0984697,0.101598,0.0888455,0.0992476,0.0984123,0.101661
0.102312,0.0996343,0.0985165,0.104372,0.0975978,0.103817,0.0942624,0.0994175,0.0995715,0.100499
0.100628,0.0970608,0.104298,0.109492,0.0973382,0.102001,0.0883474,0.100351,0.0978616,0.102621
0.102288,0.0974849,0.102018,0.108427,0.0980267,0.102298,0.0901566,0.0983892,0.0999119,0.101
0.106123,0.0945023,0.102137,0.110656,0.0994626,0.0993392,0.0873597,0.0961383,0.102716,0.101565
0.104296,0.0951525,0.10292,0.11106,0.0977904,0.101154,0.0877144,0.0970285,0.101199,0.101685
0.10454,0.0959733,0.100696,0.108015,0.0985358,0.101113,0.0901774,0.0975417,0.101845,0.101563
0.105589,0.0944635,0.104306,0.110761,0.100301,0.098508,0.0862277,0.0960824,0.101857,0.101905
0.105912,0.0923157,0.108792,0.112878,0.0992422,0.0986086,0.0805583,0.0958121,0.100956,0.104925
0.103176,0.0955693,0.106432,0.11015,0.0989507,0.0998392,0.0854497,0.0980933,0.0993042,0.103035
0.103289,0.0944002,0.106774,0.108026,0.0997516,0.0987361,0.0864607,0.0978085,0.100488,0.104266
0.102333,0.0913579,0.113473,0.106834,0.0983279,0.0984314,0.0817914,0.0983039,0.099495,0.109653
0.10087,0.0969767,0.105848,0.102258,0.0988796,0.100364,0.0905862,0.100283,0.0990755,0.10486
0.0998722,0.100058,0.101709,0.10029,0.0983415,0.10159,0.0952996,0.101571,0.0986941,0.102575
0.101432,0.102457,0.098298,0.100728,0.0974303,0.103683,0.0956074,0.101723,0.0974568,0.101186
0.10091,0.102301,0.0991494,0.0997438,0.0970692,0.103996,0.0951809,0.102426,0.0976685,0.101555
0.10142,0.103049,0.0993775,0.0997842,0.0962416,0.104703,0.0942493,0.102574,0.0968419,0.10176
0.102207,0.104126,0.0977741,0.100165,0.0954106,0.106763,0.0920653,0.103477,0.0956643,0.102348
0.102661,0.103776,0.0977973,0.100183,0.0949948,0.106156,0.0923014,0.1033,0.0960499,0.10278
0.101727,0.10308,0.0984262,0.100369,0.097044,0.104509,0.0946959,0.101988,0.0969311,0.101231
0.101545,0.102504,0.0988634,0.100177,0.0964079,0.104602,0.0945719,0.102412,0.09704,0.101877
0.100947,0.101945,0.0994053,0.0998305,0.0976598,0.103207,0.0961778,0.101711,0.0979488,0.101167
0.100999,0.10127,0.100055,0.099429,0.0978264,0.102679,0.0969256,0.10131,0.0982107,0.101296
0.101074,0.0995289,0.0999879,0.101725,0.0997716,0.101155,0.0966695,0.099605,0.100077,0.100406
0.100508,0.0994349,0.101355,0.101194,0.0992832,0.100678,0.0962427,0.10036,0.0995295,0.101414
0.101701,0.097306,0.102078,0.103179,0.0989583,0.10007,0.0950706,0.0990588,0.100958,0.101621
0.103661,0.0987267,0.100278,0.10539,0.0941101,0.106376,0.0896762,0.101074,0.0979444,0.102763
0.106245,0.096335,0.10126,0.108369,0.0935054,0.10694,0.0849483,0.0994145,0.0993317,0.103651
0.106611,0.093142,0.103036,0.109141,0.0939699,0.104446,0.0846375,0.0980941,0.102076,0.104847
0.105962,0.0946044,0.101251,0.106499,0.0948188,0.104348,0.0875987,0.0987507,0.101785,0.104382
0.106783,0.0945267,0.1016,0.106172,0.0934172,0.105816,0.0858251,0.0989546,0.101568,0.105338
0.107836,0.0936708,0.101086,0.109818,0.0914295,0.107538,0.0825364,0.0991392,0.100417,0.10653
0.10597,0.0951328,0.100156,0.10842,0.0930525,0.106145,0.0860843,0.0996454,0.0999685,0.105426
0.105091,0.0937998,0.100319,0.103777,0.0953874,0.104261,0.0889041,0.0996469,0.101971,0.106843
0.105564,0.092775,0.102207,0.10566,0.0942047,0.104647,0.0863283,0.0991628,0.102194,0.107257
0.104119,0.0962362,0.0986576,0.10281,0.0967828,0.103184,0.0926672,0.100085,0.100821,0.104637
0.101383,0.098758,0.0993862,0.103269,0.0983195,0.101568,0.0951917,0.100415,0.100156,0.101554
0.101553,0.100912,0.098567,0.102178,0.0989546,0.10196,0.0959563,0.100456,0.099466,0.0999974
0.101721,0.100327,0.0994292,0.102381,0.0991079,0.101315,0.0955773,0.100248,0.099829,0.100065
0.100682,0.0972028,0.102543,0.104409,0.0978539,0.100548,0.093176,0.100342,0.0999581,0.103286
0.0991936,0.0988854,0.102751,0.104352,0.0984227,0.10121,0.0921292,0.102428,0.0976402,0.102988
0.0993678,0.100128,0.101636,0.104859,0.0979958,0.10179,0.0937464,0.101903,0.097515,0.101058
0.10004,0.0983516,0.101145,0.104582,0.0982735,0.100704,0.0953124,0.100767,0.0989579,0.101867
0.0990636,0.0997787,0.10199,0.106629,0.0981092,0.101849,0.0932044,0.101742,0.0971759,0.100458
0.101058,0.0994787,0.0998324,0.107497,0.0963517,0.103505,0.0935515,0.100541,0.0982061,0.0999786
0.0992544,0.0964434,0.104212,0.107415,0.0961446,0.102773,0.0905616,0.101494,0.0977586,0.103943
0.102235,0.0956445,0.0988107,0.1077,0.0953035,0.102939,0.093011,0.100153,0.100437,0.103765
0.102453,0.0944116,0.0993224,0.107384,0.0957907,0.101781,0.0931643,0.0997757,0.101197,0.10472
0.102209,0.0946529,0.104189,0.108245,0.0957906,0.101634,0.0886501,0.0986315,0.0999026,0.106095
0.102252,0.0957477,0.103848,0.105462,0.0970398,0.101669,0.0902104,0.0986951,0.0999972,0.105079
0.104302,0.0963462,0.103092,0.105911,0.0994558,0.10246,0.0875876,0.0971774,0.100585,0.103082
0.104157,0.0957061,0.103995,0.104487,0.0972639,0.103378,0.0868924,0.0985108,0.100081,0.105528
0.104116,0.0978741,0.101644,0.104376,0.0995163,0.103618,0.0886736,0.0977277,0.100214,0.102242
0.103867,0.0992513,0.100893,0.103825,0.0998248,0.105252,0.0883909,0.0973861,0.0997387,0.101571
0.103069,0.100755,0.0995166,0.1026,0.0989839,0.106154,0.0899875,0.0987362,0.0989706,0.101228
0.100762,0.102372,0.0982394,0.0997337,0.0977309,0.104622,0.0949497,0.102201,0.0977593,0.101629
0.101126,0.101786,0.0982385,0.0999947,0.0975098,0.10365,0.0956275,0.102119,0.0981976,0.101749
0.101966,0.102552,0.0977413,0.100148,0.0958918,0.10514,0.0938823,0.102875,0.0973562,0.102446
0.101439,0.103018,0.0973382,0.100896,0.0964917,0.105081,0.0941395,0.102708,0.0970117,0.101877
0.101362,0.102781,0.0976605,0.10036,0.0971399,0.104487,0.0946325,0.102484,0.0974665,0.101627
0.101434,0.102507,0.0980671,0.100228,0.0955821,0.10581,0.0936822,0.103165,0.097103,0.102422
0.101308,0.101814,0.0992892,0.103432,0.0976809,0.103114,0.0950502,0.100613,0.0983658,0.0993326
0.101603,0.101927,0.100196,0.103359,0.0981752,0.102484,0.0953003,0.0998086,0.0986349,0.0985123
0.101592,0.10216,0.0996212,0.102283,0.0978088,0.103075,0.094598,0.10063,0.0985028,0.0997282
0.101574,0.100969,0.101089,0.102034,0.0982657,0.102267,0.0938932,0.100311,0.0987707,0.100826
0.100973,0.0985743,0.103883,0.102285,0.0992635,0.100428,0.0932016,0.0997461,0.0992497,0.102396
0.102406,0.0991268,0.102521,0.103795,0.09925,0.100723,0.0937182,0.0982873,0.100009,0.100164
0.102933,0.0971086,0.103576,0.103946,0.0995275,0.0999829,0.0921541,0.0980679,0.100902,0.101802
0.103724,0.0962631,0.103317,0.105078,0.0999386,0.0996074,0.0913559,0.0975595,0.101626,0.10153
0.10453,0.0952329,0.103481,0.106713,0.100413,0.0988195,0.0903863,0.0968239,0.102317,0.101285
0.105689,0.0947053,0.1041,0.108634,0.100535,0.0985007,0.0880524,0.0960239,0.102457,0.101303
0.103082,0.0952392,0.106699,0.10631,0.0995817,0.0993532,0.0876659,0.0981801,0.100321,0.103568
0.101756,0.0965761,0.105309,0.10644,0.0989816,0.100135,0.0894448,0.0991429,0.0993479,0.102867
0.100313,0.0955741,0.106816,0.111006,0.0974836,0.101035,0.0856115,0.100686,0.0975113,0.103964
0.101805,0.0932786,0.112119,0.113556,0.0986238,0.0993438,0.0787801,0.0996017,0.0970718,0.10582
0.102669,0.0901583,0.118269,0.109555,0.0969327,0.0988338,0.0754183,0.0983887,0.0976223,0.112153
0.103101,0.0920492,0.114093,0.111431,0.0972651,0.0991003,0.0782606,0.097927,0.0983015,0.108472
0.102709,0.092245,0.113794,0.10948,0.0977207,0.0991464,0.079577,0.0984123,0.0983232,0.108593
0.1021,0.0950336,0.108707,0.106479,0.0984323,0.100213,0.0852588,0.0993869,0.0987449,0.105644
0.101938,0.098143,0.104066,0.105271,0.0981476,0.101606,0.0895158,0.0999642,0.0988146,0.102534
0.101784,0.0984056,0.103718,0.105388,0.0986069,0.101127,0.0912715,0.0993757,0.099057,0.101266
0.101656,0.101332,0.0992063,0.102234,0.0974724,0.103449,0.0956064,0.100583,0.0987443,0.0997173
0.101419,0.10068,0.0993063,0.101991,0.0972332,0.103257,0.0961307,0.100685,0.0989042,0.100393
0.102109,0.102245,0.0982919,0.103007,0.0966538,0.104905,0.0935246,0.101547,0.0979222,0.0997949
0.101216,0.10347,0.0968682,0.0997585,0.095777,0.107642,0.0933053,0.102427,0.0972946,0.102242
0.102378,0.103597,0.0972871,0.102369,0.0915633,0.110239,0.0907264,0.10389,0.0955125,0.102439
0.103024,0.101279,0.0988115,0.105494,0.0949924,0.106371,0.0912572,0.100559,0.0978574,0.100355
0.102727,0.101234,0.0988413,0.105869,0.0955382,0.105626,0.0918452,0.10039,0.09797,0.0999598
0.0985676,0.0942465,0.10869,0.10312,0.0944712,0.104368,0.0915236,0.101109,0.0965107,0.107394
0.100768,0.0944462,0.107048,0.101637,0.096544,0.102577,0.0921309,0.0999706,0.0986479,0.10623
0.101606,0.0949169,0.10903,0.101098,0.100123,0.0986002,0.0916466,0.0987915,0.0999929,0.104194
0.100764,0.0945283,0.112067,0.108621,0.0984678,0.0992063,0.0849201,0.0995298,0.0971563,0.104739
0.100121,0.0958423,0.110639,0.107571,0.0985408,0.0993749,0.0882202,0.099622,0.0970373,0.103032
0.0993298,0.0948116,0.108873,0.110858,0.0975237,0.100357,0.0861422,0.100259,0.0970637,0.104781
0.101346,0.0951869,0.107762,0.108868,0.0985714,0.100164,0.0859572,0.0995921,0.0984309,0.104121
0.100799,0.0955091,0.108694,0.108216,0.0990942,0.099652,0.0850562,0.100407,0.0977823,0.10479
0.100383,0.0964761,0.106154,0.108279,0.0988359,0.100241,0.0880051,0.100454,0.0979924,0.103179
0.103308,0.0922774,0.112354,0.10959,0.0987794,0.0989566,0.0797368,0.0982794,0.0991299,0.107589
0.104124,0.0943694,0.107282,0.107587,0.0997417,0.0990028,0.086173,0.0973815,0.100878,0.10346
0.103478,0.0950132,0.105654,0.108384,0.0992222,0.0996156,0.0876378,0.0979451,0.100549,0.102501
0.102678,0.095158,0.105799,0.109274,0.0984733,0.100291,0.0870045,0.0986945,0.0996866,0.102941
0.103577,0.0948367,0.107118,0.110959,0.0988597,0.0996107,0.0849693,0.0975869,0.0997326,0.10275
0.104415,0.0940831,0.107514,0.110886,0.09965,0.0989388,0.084057,0.0971237,0.100371,0.102962
0.104328,0.0945728,0.104919,0.107795,0.100292,0.0981751,0.0889821,0.0967439,0.102084,0.102108
0.103331,0.0950293,0.106118,0.105051,0.100428,0.0990323,0.0891467,0.0969309,0.102506,0.102428
0.102756,0.0943975,0.107279,0.106244,0.100505,0.0983662,0.0871292,0.098001,0.101424,0.103898
0.103337,0.0948791,0.104661,0.105585,0.0997634,0.0984837,0.090628,0.0976213,0.102552,0.102489
0.103921,0.097065,0.0990458,0.104927,0.0998378,0.100773,0.0927973,0.0984966,0.101804,0.101333
0.103873,0.0952043,0.100854,0.103331,0.0968085,0.103684,0.0900907,0.0994086,0.101254,0.105492
0.10458,0.0992573,0.101816,0.104785,0.094044,0.108167,0.0869861,0.100095,0.0973567,0.102913
0.103847,0.0972302,0.0997236,0.103292,0.0974125,0.103996,0.0907145,0.0996933,0.100148,0.103942
0.104402,0.1001,0.0987129,0.106052,0.0950777,0.106604,0.0888659,0.102372,0.0964886,0.101324
0.101869,0.100248,0.0987667,0.104473,0.0972923,0.103318,0.0930906,0.102099,0.0981042,0.100739
0.103087,0.102143,0.0998531,0.109559,0.093784,0.107123,0.0878296,0.10316,0.0948364,0.0986247
0.102645,0.100228,0.102156,0.107192,0.0949805,0.10474,0.0910793,0.100225,0.0977412,0.0990131
0.10268,0.100442,0.101293,0.103944,0.098445,0.102162,0.0927805,0.0990193,0.0993112,0.0999242
0.102157,0.101693,0.0987332,0.102538,0.0983071,0.102926,0.0943404,0.100376,0.0989022,0.100027
0.101255,0.100238,0.100785,0.102108,0.0978323,0.102492,0.0932426,0.101276,0.0987552,0.102016
0.101468,0.10229,0.0986261,0.102004,0.097364,0.10509,0.0928753,0.101197,0.097949,0.101136
0.101667,0.101838,0.098224,0.103007,0.0976641,0.104485,0.0936984,0.100586,0.0985404,0.100291
0.103339,0.0987689,0.103013,0.104197,0.0977295,0.10319,0.0873574,0.100064,0.0988152,0.103527
0.103326,0.0993711,0.10219,0.104131,0.0979478,0.103713,0.0883756,0.0993814,0.099069,0.102496
0.101689,0.0992926,0.103342,0.102245,0.0979569,0.102619,0.0897815,0.100772,0.0984519,0.10385
0.101183,0.10145,0.098427,0.10124,0.0991203,0.104355,0.0948973,0.100096,0.0991104,0.10012
0.100762,0.100795,0.0984816,0.100459,0.0995693,0.102204,0.0972649,0.100649,0.0996257,0.100189
0.100627,0.101331,0.0994226,0.0997538,0.0982389,0.103205,0.0962884,0.101517,0.0982742,0.101342
0.101186,0.100183,0.0991701,0.100763,0.0978533,0.103946,0.0940198,0.101501,0.0988426,0.102535
0.100802,0.0983763,0.100532,0.103476,0.09825,0.100969,0.095623,0.100126,0.0997638,0.102082
0.102233,0.0968801,0.100296,0.105138,0.0977152,0.101207,0.0941845,0.099462,0.10049,0.102394
0.102201,0.0969019,0.0991642,0.102857,0.0992167,0.100093,0.0967586,0.0995604,0.101174,0.102074
0.102002,0.0986998,0.098888,0.103111,0.0979645,0.102086,0.0952584,0.0999432,0.0999623,0.102084
0.101904,0.100932,0.0977585,0.105245,0.0978795,0.102956,0.0942911,0.101206,0.0986993,0.0991286
0.101278,0.101498,0.0975648,0.104126,0.0990273,0.102272,0.0959318,0.100839,0.0988557,0.0986072
0.100989,0.101958,0.0971971,0.104157,0.0982502,0.102509,0.0959459,0.10204,0.0983582,0.0985943
0.102256,0.099144,0.0978542,0.103817,0.100204,0.100517,0.0961012,0.0995819,0.100681,0.099844
0.105444,0.0952887,0.104605,0.108198,0.099885,0.0995235,0.0877316,0.0962937,0.101739,0.101292
0.10367,0.0954861,0.105381,0.105027,0.10012,0.0993097,0.0901413,0.0973369,0.10126,0.10227
0.102884,0.0960045,0.105255,0.104335,0.100007,0.0995463,0.090882,0.0979244,0.10075,0.102412
0.102637,0.0933656,0.110566,0.104644,0.0998668,0.0987651,0.086767,0.098026,0.10004,0.105322
0.101854,0.0918519,0.11361,0.103704,0.0995339,0.0982375,0.0856953,0.0986902,0.0992928,0.10753
0.101652,0.0945938,0.108885,0.102227,0.100054,0.0998552,0.0889643,0.0984531,0.0997033,0.105614
0.102674,0.0937324,0.1095,0.10561,0.0994303,0.0992416,0.0852731,0.0980686,0.0999562,0.106514
0.10197,0.093852,0.107352,0.1058,0.098432,0.0987231,0.0894954,0.0980239,0.100798,0.105553
0.10214,0.0894949,0.115408,0.104659,0.0982304,0.0976326,0.08299,0.0975954,0.10043,0.11142
0.101533,0.090578,0.115036,0.0994705,0.0994844,0.0973371,0.0869551,0.0982743,0.100294,0.111038
0.100246,0.0939457,0.107271,0.101313,0.100939,0.0976897,0.0929148,0.0993785,0.0999584,0.106343
0.103483,0.0919295,0.11351,0.103036,0.101158,0.100563,0.0830792,0.0955427,0.0999408,0.107758
0.102137,0.0916622,0.110449,0.105182,0.099795,0.0972317,0.0882734,0.0985446,0.0997915,0.106934
0.100704,0.091369,0.110131,0.107057,0.100223,0.09593,0.0890937,0.099113,0.0992565,0.107124
0.102214,0.0966933,0.100641,0.116919,0.0946751,0.102316,0.0898793,0.101464,0.0968844,0.0983139
0.100255,0.0976199,0.105523,0.11439,0.0957953,0.102334,0.0885505,0.101294,0.095147,0.0990918
0.0963468,0.0975088,0.108129,0.106219,0.0976015,0.101774,0.0914761,0.103123,0.0938703,0.103952
0.0972372,0.0954964,0.107898,0.103277,0.0971573,0.101943,0.0920145,0.101799,0.0970204,0.106158
0.0979937,0.0997548,0.101745,0.106401,0.0953375,0.103958,0.0952541,0.104069,0.0955948,0.0998926
0.0990945,0.0972531,0.103075,0.10469,0.0967758,0.102386,0.0943827,0.10158,0.0978964,0.102866
0.100707,0.0961773,0.103372,0.110189,0.09155,0.105814,0.0915515,0.103038,0.0964427,0.101159
0.101953,0.098888,0.100568,0.111992,0.0927822,0.104954,0.0916594,0.103502,0.0963511,0.0973492
0.102327,0.0957603,0.102794,0.111505,0.0929747,0.105103,0.0898871,0.1003,0.0980244,0.101325
0.100707,0.0983285,0.103211,0.113871,0.0940572,0.103831,0.0907548,0.102035,0.0959533,0.0972516
0.0994656,0.0970458,0.108545,0.109113,0.0981229,0.100564,0.0879695,0.101002,0.0963338,0.10184
0.103647,0.0975155,0.100449,0.118218,0.0944655,0.10382,0.0875163,0.0996964,0.0974721,0.0972005
0.104373,0.10049,0.0986693,0.118557,0.09647,0.10304,0.0872562,0.100027,0.0968679,0.0942507
0.102939,0.101979,0.0971688,0.120162,0.0944548,0.104984,0.0866172,0.103736,0.0946507,0.0933084
0.102723,0.10035,0.100182,0.120149,0.0969705,0.101659,0.0879439,0.100807,0.0960211,0.0931955
0.102265,0.104745,0.0943645,0.120258,0.0955302,0.104516,0.0872078,0.106318,0.0936443,0.0911497
0.10246,0.104417,0.0958382,0.11751,0.0981748,0.102103,0.0894404,0.103223,0.0953172,0.0915174
0.103345,0.102985,0.0960257,0.118718,0.0980085,0.101807,0.089233,0.101908,0.096225,0.0917447
0.10241,0.104212,0.0965126,0.11534,0.0973721,0.10296,0.090228,0.102735,0.0956492,0.0925811
0.102055,0.0988962,0.102931,0.103574,0.0996141,0.0996136,0.0958353,0.0981722,0.100589,0.0987195
0.102627,0.0978366,0.103584,0.107251,0.099008,0.100106,0.0922642,0.0987577,0.0997547,0.098811
0.101867,0.0957094,0.108254,0.102118,0.099726,0.0985546,0.092324,0.0985123,0.0999525,0.102983
0.100968,0.0960515,0.109414,0.102608,0.0995725,0.0989865,0.091363,0.0994424,0.0986913,0.102903
0.102738,0.101506,0.102739,0.109325,0.0956996,0.104616,0.090937,0.0990886,0.0969581,0.096393
0.104138,0.0999873,0.10187,0.106717,0.0977629,0.103259,0.0910386,0.0983106,0.0988898,0.0980268
0.102745,0.0985737,0.102867,0.10441,0.0992014,0.100975,0.0932806,0.0984119,0.0998329,0.0997022
0.10262,0.101506,0.100671,0.109503,0.0965644,0.104132,0.0909088,0.0998014,0.097311,0.0969832
0.101789,0.0998457,0.103103,0.108844,0.0958503,0.103828,0.0906029,0.0999764,0.097445,0.0987165
0.102885,0.0997721,0.102808,0.107471,0.0956844,0.104429,0.0902983,0.0993848,0.0980113,0.0992553
0.102558,0.101892,0.0980656,0.113947,0.0942004,0.10571,0.0888805,0.103984,0.0953172,0.0954462
0.102948,0.103586,0.0957977,0.11105,0.0949679,0.105159,0.0906042,0.105351,0.0948395,0.0956962
0.101799,0.105118,0.093171,0.115466,0.0922155,0.107192,0.089266,0.109985,0.0913956,0.0943929
0.103991,0.103578,0.0926586,0.109641,0.093974,0.105361,0.0916598,0.108285,0.0935913,0.0972593
0.102791,0.100552,0.0954362,0.104743,0.0978535,0.10191,0.0952004,0.103363,0.0977814,0.100371
0.102609,0.102315,0.0946183,0.104683,0.0957052,0.104544,0.0933973,0.10629,0.0960043,0.0998339
0.103758,0.102967,0.093849,0.106278,0.0952572,0.104479,0.0936493,0.106328,0.0951923,0.0982426
0.10165,0.0987916,0.10047,0.104006,0.0977964,0.101549,0.0956378,0.0993841,0.0998018,0.100913
0.101414,0.0979487,0.100854,0.103675,0.0985481,0.100503,0.0964386,0.0990833,0.100174,0.101361
0.101209,0.0991847,0.100046,0.102967,0.0977617,0.101844,0.0965069,0.10005,0.0988862,0.101544
0.101714,0.0978008,0.100141,0.1026,0.0977289,0.101359,0.0967921,0.100347,0.0987627,0.102755
0.100896,0.0977183,0.0993917,0.102815,0.0971431,0.102127,0.0959749,0.10072,0.0994286,0.103786
0.101347,0.09599,0.0996984,0.103758,0.0976338,0.100881,0.0963213,0.0999867,0.100488,0.103896
0.101834,0.0967811,0.100856,0.101873,0.0994601,0.100125,0.0958812,0.0994944,0.101618,0.102077
0.103711,0.0987121,0.0973761,0.102271,0.10035,0.101006,0.0948658,0.0998898,0.101177,0.100642
0.102769,0.0988092,0.0970465,0.102778,0.0991171,0.101219,0.0960343,0.1006,0.100616,0.101011
0.101607,0.0990179,0.0987757,0.101304,0.0989188,0.100836,0.0978334,0.100527,0.100249,0.100932
0.101391,0.0997531,0.0980542,0.101627,0.0994035,0.100232,0.0986177,0.101303,0.0997528,0.0998664
0.102867,0.101691,0.0971449,0.102714,0.0975581,0.102582,0.0960575,0.102837,0.0969916,0.0995564
0.101321,0.100921,0.098504,0.102475,0.0984269,0.101666,0.0973141,0.101602,0.0984958,0.0992739
0.1021,0.101651,0.0994987,0.103293,0.0969927,0.104022,0.0940581,0.101006,0.0980918,0.0992873
0.100847,0.100827,0.102916,0.109358,0.0959161,0.103448,0.0922623,0.10124,0.0963032,0.0968823
0.101039,0.0973944,0.107331,0.104841,0.0979297,0.101158,0.09026,0.100043,0.0976553,0.102349
0.102205,0.0945941,0.109457,0.102677,0.0999634,0.0987357,0.0902233,0.0982707,0.0999957,0.103878
0.0981944,0.0947016,0.112307,0.100509,0.0992643,0.100331,0.0894297,0.101188,0.0969085,0.107167
0.0979736,0.0956787,0.111756,0.105559,0.0987062,0.0995389,0.0891695,0.101165,0.0958442,0.10461
0.0972277,0.0962762,0.108135,0.102609,0.0990082,0.100292,0.0928261,0.101377,0.0971641,0.105085
0.0995326,0.0937427,0.112258,0.108078,0.0986286,0.0994004,0.0850709,0.0996032,0.0972448,0.106441
0.101258,0.0920485,0.112949,0.11005,0.0976902,0.0991665,0.0830211,0.0985418,0.0982029,0.107072
0.100867,0.0917854,0.114836,0.112597,0.0977575,0.0989861,0.0800902,0.0985465,0.0971204,0.107415
0.100192,0.0913701,0.115345,0.107736,0.0985483,0.0983381,0.0833346,0.0990237,0.0977059,0.108406
0.100827,0.0935274,0.112017,0.109212,0.0987157,0.0993294,0.0833636,0.099135,0.0977226,0.10615
0.10325,0.0959185,0.105167,0.110452,0.0992748,0.0999764,0.0861764,0.0982537,0.099307,0.102225
0.102419,0.094028,0.10699,0.111616,0.100071,0.0975568,0.084719,0.0988248,0.0996687,0.104107
0.102587,0.0955419,0.103379,0.107544,0.0992521,0.0991574,0.0907602,0.0983325,0.100836,0.10261
0.102154,0.0967389,0.10272,0.10538,0.0996015,0.0994379,0.0929231,0.0985958,0.10071,0.101739
0.103224,0.0947263,0.106666,0.106617,0.0993123,0.0991127,0.0879068,0.0976279,0.100849,0.103959
0.103192,0.0971367,0.101166,0.10918,0.0981142,0.101175,0.0909563,0.0985432,0.100042,0.100494
0.102807,0.0984522,0.100733,0.107033,0.0968436,0.103618,0.0906211,0.100215,0.098423,0.101254
0.102641,0.103594,0.0993869,0.107024,0.0961394,0.107357,0.0878492,0.102321,0.095022,0.0986641
0.102912,0.104969,0.0976925,0.107253,0.0941295,0.107918,0.0881983,0.104995,0.09319,0.0987429
0.102242,0.102408,0.0990476,0.106155,0.0962722,0.105112,0.0902511,0.10271,0.096386,0.0994158
0.100539,0.102457,0.101163,0.106398,0.0963067,0.105165,0.0915684,0.101911,0.0961364,0.0983559
0.101474,0.103908,0.0975588,0.109878,0.0934593,0.106045,0.0914124,0.106223,0.0934298,0.0966119
0.102692,0.106435,0.0956927,0.113584,0.0917869,0.109052,0.0873322,0.108003,0.0904556,0.0949668
0.101171,0.104361,0.0989463,0.107906,0.0940818,0.106737,0.0912672,0.104658,0.0933722,0.0974987
0.101519,0.10526,0.0975621,0.110758,0.0912541,0.108911,0.088922,0.107653,0.091045,0.0971153
0.102467,0.103092,0.098836,0.100887,0.0951131,0.10602,0.0931013,0.104026,0.095082,0.101376
0.101813,0.101106,0.0996287,0.101667,0.0964508,0.103152,0.0964603,0.102607,0.0968233,0.100291
0.100906,0.101603,0.0989593,0.100028,0.097119,0.103678,0.0959434,0.102022,0.0981114,0.10163
0.100778,0.101921,0.098536,0.100132,0.0980767,0.102914,0.0965447,0.10159,0.0984019,0.101107
0.0999622,0.0986416,0.103165,0.101584,0.0987277,0.101328,0.0947466,0.101002,0.0985551,0.102288
0.0996699,0.0969721,0.106813,0.102294,0.0997532,0.099679,0.0927938,0.100424,0.0983889,0.103212
0.0991775,0.0970321,0.10418,0.100079,0.0999192,0.0997211,0.0962265,0.100547,0.0993666,0.103751
0.101243,0.0963347,0.10468,0.103548,0.0997587,0.0986071,0.0936488,0.0988059,0.100336,0.103037
0.101089,0.0948297,0.106098,0.101015,0.0991965,0.0986071,0.0944646,0.0989529,0.101002,0.104744
0.103043,0.0941835,0.106683,0.107014,0.0988337,0.0983357,0.0896714,0.0969316,0.101407,0.103898
0.104666,0.0934867,0.103194,0.10896,0.0951934,0.101588,0.0881135,0.0980093,0.101668,0.105122
0.101622,0.0950167,0.106489,0.104588,0.100292,0.0980706,0.0902244,0.0989853,0.100258,0.104454
0.102464,0.095473,0.104451,0.104391,0.0955546,0.101994,0.0910527,0.0993216,0.10014,0.105158
0.104212,0.0956717,0.103461,0.102528,0.0941607,0.104387,0.0889121,0.100378,0.0991628,0.107127
0.102982,0.095368,0.10384,0.103614,0.0947804,0.102215,0.0928179,0.0992589,0.0998266,0.105298
0.105325,0.095287,0.103867,0.102321,0.0955293,0.10388,0.0878511,0.0994277,0.0996214,0.106891
0.103838,0.0955007,0.104325,0.103168,0.095856,0.102771,0.0893407,0.0992821,0.0997211,0.106198
0.101113,0.0974625,0.10378,0.101485,0.0987217,0.10027,0.0942808,0.0994087,0.10009,0.103389
0.101964,0.09619,0.103388,0.102854,0.0964229,0.101661,0.0933198,0.0995708,0.100122,0.104507
0.10147,0.0957243,0.105631,0.101789,0.0992324,0.0992943,0.0931917,0.098923,0.100623,0.104121
0.101023,0.0964574,0.107332,0.102741,0.0975354,0.101092,0.0888941,0.099737,0.0990041,0.106183
0.101092,0.0984554,0.104008,0.104064,0.0967048,0.102884,0.0892579,0.100377,0.098365,0.104793
0.100673,0.0957967,0.105039,0.104836,0.0970844,0.100804,0.0909891,0.0997622,0.0995104,0.105504
0.100715,0.0955166,0.103404,0.104948,0.0975015,0.10022,0.0928222,0.0995836,0.0999104,0.105378
0.100151,0.0997352,0.10258,0.102045,0.0969821,0.102846,0.0913965,0.1021,0.0975893,0.104576
0.1003,0.101303,0.101108,0.102666,0.0971554,0.103291,0.0925409,0.102187,0.0973533,0.102095
0.102293,0.103959,0.0973341,0.101548,0.0963741,0.105804,0.0925438,0.102635,0.096467,0.101041
0.103217,0.105849,0.0952175,0.102318,0.0940773,0.10949,0.0880123,0.10483,0.0944523,0.102536
0.102565,0.104678,0.0969358,0.103595,0.0940486,0.108127,0.0879645,0.104169,0.0956347,0.102283
0.102459,0.105659,0.0956335,0.101788,0.0944041,0.108944,0.0898564,0.104435,0.0946625,0.102157
0.101137,0.103197,0.098323,0.100723,0.0964977,0.104846,0.0937857,0.102884,0.0972895,0.101317
0.101133,0.102482,0.0987013,0.100816,0.0975714,0.103542,0.0951559,0.101805,0.0981066,0.100687
0.101535,0.103103,0.0972504,0.100996,0.0969506,0.105161,0.0941903,0.102489,0.0969506,0.101375
0.100692,0.102123,0.0978076,0.105998,0.0976726,0.103467,0.0941184,0.102138,0.0973834,0.0986001
0.0995462,0.100618,0.100841,0.104286,0.0982585,0.102151,0.0947072,0.102175,0.0974524,0.0999654
0.100817,0.099238,0.10201,0.101316,0.0990613,0.100895,0.09511,0.100479,0.0993126,0.101762
0.100415,0.100204,0.100006,0.102796,0.0983357,0.101801,0.0970831,0.100394,0.0990128,0.0999532
0.0990091,0.0991124,0.101614,0.099907,0.0983808,0.101912,0.0977691,0.101363,0.0987192,0.102213
0.0999875,0.100414,0.0994105,0.100893,0.0969197,0.10383,0.0969862,0.101697,0.0982545,0.101607
0.0999043,0.0986176,0.101465,0.0985399,0.0984102,0.102055,0.0976235,0.10085,0.0995908,0.102944
0.0998883,0.0985871,0.101063,0.1002,0.0985682,0.101447,0.0975887,0.100479,0.10006,0.102118
0.100057,0.0985467,0.100937,0.10364,0.0987673,0.101052,0.0956686,0.10045,0.099564,0.101318
0.101283,0.097164,0.101726,0.102412,0.0997664,0.099989,0.0956514,0.0989887,0.10169,0.10133
0.102529,0.0938772,0.103073,0.103424,0.0992526,0.0993105,0.0926787,0.0986353,0.103011,0.104208
0.104273,0.0999839,0.0964896,0.107045,0.0990266,0.103552,0.0896499,0.102145,0.0986661,0.0991685
0.104023,0.100114,0.0974233,0.106862,0.0978602,0.105278,0.0879983,0.101901,0.0983576,0.100183
0.103517,0.0983779,0.0998548,0.105338,0.098106,0.104356,0.0891148,0.100183,0.0992576,0.101895
0.103732,0.102997,0.0957043,0.107681,0.09748,0.105956,0.0881119,0.103933,0.096814,0.0975915
0.10241,0.100124,0.0997572,0.10798,0.0970289,0.105277,0.0885901,0.102107,0.0972013,0.099526
0.100117,0.100566,0.101751,0.112833,0.095639,0.106364,0.0860617,0.103054,0.0946067,0.0990074
0.100156,0.0989934,0.10201,0.111759,0.0931049,0.10709,0.088123,0.102674,0.0954254,0.100664
0.0991547,0.097783,0.103175,0.110732,0.0949917,0.105148,0.0888145,0.101864,0.0966129,0.101724
0.0990062,0.096482,0.103499,0.111694,0.0952802,0.103112,0.0890963,0.102066,0.0970878,0.102676
0.100966,0.0976157,0.0995607,0.108246,0.0949275,0.104017,0.0939261,0.100317,0.0989933,0.10143
0.0999674,0.0977798,0.100345,0.107479,0.0967356,0.101817,0.0957582,0.100146,0.0990913,0.10088
0.0993616,0.0978274,0.101596,0.107903,0.0970119,0.10182,0.0936386,0.101033,0.0982233,0.101585
0.0997499,0.0979661,0.10225,0.107303,0.0982187,0.100982,0.0926985,0.101027,0.0981171,0.101687
0.0998514,0.0974083,0.104513,0.108444,0.0986672,0.100734,0.0893654,0.10108,0.097473,0.102463
0.100924,0.100581,0.0985921,0.107417,0.0974405,0.102597,0.0943372,0.101521,0.0979696,0.0986209
0.101936,0.100215,0.0985647,0.10431,0.0982416,0.102573,0.094158,0.101207,0.0988901,0.099906
0.102149,0.0981503,0.101083,0.103625,0.0976509,0.103834,0.0920048,0.0996957,0.0994892,0.102318
0.103818,0.0984844,0.101919,0.107204,0.0956162,0.107121,0.0864518,0.0992099,0.0985846,0.101592
0.101952,0.0978817,0.103254,0.105975,0.0951547,0.105532,0.0903576,0.100121,0.0980365,0.101736
0.103035,0.0972119,0.101565,0.107966,0.0952138,0.105299,0.0891626,0.0994373,0.0987216,0.102388
0.10206,0.0977662,0.103511,0.104663,0.0964333,0.103338,0.0881654,0.100785,0.0985321,0.104745
0.102955,0.0991822,0.104204,0.103389,0.0969268,0.104415,0.0864327,0.100249,0.098203,0.104044
0.101619,0.0989685,0.103698,0.103575,0.0976078,0.10248,0.0888247,0.101028,0.0981832,0.104015
0.100975,0.0960761,0.108646,0.103674,0.0984841,0.100309,0.0865966,0.100277,0.0984123,0.106549
0.101923,0.0939981,0.111041,0.106169,0.0986531,0.0995535,0.0841707,0.0991346,0.0986078,0.106749
0.102268,0.0934061,0.110731,0.106858,0.0989171,0.0987682,0.0849345,0.0987661,0.0992023,0.106149
0.101424,0.0938995,0.109674,0.107438,0.0987244,0.0986641,0.0873654,0.0986831,0.0990438,0.105084
0.0999767,0.0931745,0.113089,0.107493,0.0986064,0.0989755,0.0852408,0.0992537,0.0975413,0.106649
0.101379,0.0907824,0.115345,0.108718,0.0982902,0.0978233,0.0828667,0.0982877,0.0983732,0.108134
0.101745,0.0903625,0.115653,0.107508,0.0985418,0.097588,0.0830405,0.0982388,0.0987872,0.108534
0.101327,0.0866584,0.125955,0.112013,0.0970459,0.0969002,0.0749245,0.0972693,0.0961647,0.111742
0.0985076,0.0870875,0.124139,0.109608,0.0975103,0.0970745,0.0782106,0.0987397,0.0959547,0.113168
0.0988836,0.0853012,0.12695,0.108989,0.0974909,0.0963407,0.0765935,0.0983873,0.0961409,0.114923
0.0991515,0.0845131,0.129191,0.113483,0.0965611,0.0962849,0.0729216,0.0976967,0.0951713,0.115025
0.0986158,0.0856242,0.129528,0.113599,0.0964794,0.0970236,0.0729256,0.0979893,0.094209,0.114006
0.0993359,0.0855686,0.130197,0.117193,0.0957031,0.0970114,0.0710321,0.0972007,0.0937475,0.113011
0.0998344,0.0889815,0.124857,0.118221,0.0959624,0.0977335,0.0739485,0.0982673,0.0935465,0.108648
0.0970345,0.0883013,0.125569,0.110751,0.0972565,0.0982343,0.076871,0.0994081,0.0939846,0.11259
0.0968017,0.0904767,0.121645,0.113202,0.0973901,0.0987067,0.0776453,0.100719,0.0933961,0.110017
0.0964955,0.0905391,0.120265,0.112711,0.0974585,0.0991673,0.0780271,0.100938,0.0937972,0.110602
0.0964203,0.0924676,0.114412,0.112215,0.0962039,0.101033,0.0823151,0.101799,0.0945793,0.108555
0.0970572,0.0907458,0.119779,0.109503,0.0980132,0.0989652,0.0803367,0.100206,0.0948709,0.110523
0.0971395,0.0900465,0.121155,0.109584,0.0979542,0.098851,0.0792061,0.100003,0.0947804,0.11128
0.0978881,0.0924111,0.113813,0.106781,0.0969604,0.10076,0.0858303,0.100195,0.0967112,0.108651
0.0996268,0.0920317,0.112258,0.106013,0.0960184,0.101788,0.0857594,0.0998182,0.0978635,0.108823
0.100483,0.092106,0.110509,0.10884,0.0951266,0.10238,0.0852775,0.099313,0.0981769,0.107788
0.0998018,0.0910786,0.113239,0.108021,0.0956898,0.101349,0.0846602,0.0992465,0.0978464,0.109068
0.101056,0.0927197,0.111283,0.11125,0.0969008,0.0996927,0.0843029,0.0984058,0.098231,0.106159
0.102541,0.0945726,0.107644,0.111572,0.0976791,0.099272,0.086032,0.0979496,0.0992311,0.103508
0.100734,0.094134,0.110489,0.108109,0.0987421,0.0991877,0.0859064,0.0991079,0.0981831,0.105406
0.10168,0.0919019,0.116279,0.109973,0.098381,0.0988555,0.0801352,0.0986097,0.0971152,0.107069
0.102333,0.092153,0.11484,0.106561,0.0983235,0.0993277,0.0807197,0.0989721,0.0981245,0.108645
0.10184,0.0957855,0.108772,0.104891,0.0970426,0.101869,0.0827783,0.101273,0.0977307,0.108019
0.101533,0.0983685,0.104692,0.103632,0.0973883,0.102356,0.0878309,0.101291,0.098168,0.104741
0.101692,0.0972819,0.108153,0.107358,0.0966731,0.1026,0.084685,0.101239,0.0967211,0.103599
0.101143,0.099545,0.104004,0.108273,0.096393,0.103914,0.0873519,0.101654,0.0965432,0.101179
0.100232,0.101036,0.104009,0.109919,0.0953966,0.105078,0.0855102,0.103027,0.0950342,0.100759
0.100023,0.102275,0.100195,0.110707,0.0961014,0.104893,0.0886627,0.103454,0.0953251,0.0983647
0.100679,0.103472,0.0978787,0.111219,0.096023,0.10594,0.0880749,0.103905,0.0948696,0.0979395
0.0990685,0.102041,0.0995926,0.111223,0.0958982,0.105465,0.0878928,0.104848,0.0944335,0.0995375
0.0989384,0.102038,0.100132,0.110684,0.0966534,0.104191,0.089962,0.103793,0.0950285,0.0985788
0.0981941,0.10121,0.101891,0.111709,0.0967834,0.103476,0.0894936,0.103735,0.0946466,0.0988625
0.0987033,0.101617,0.100167,0.111087,0.097992,0.102339,0.0908093,0.104117,0.0951808,0.0979872
0.0991192,0.10296,0.0996481,0.112585,0.096783,0.104109,0.0889318,0.104345,0.0944128,0.0971074
0.0981896,0.0984671,0.105279,0.107659,0.0981734,0.101351,0.0905485,0.102461,0.096016,0.101856
0.0967513,0.097451,0.10797,0.106579,0.0982816,0.100993,0.0899338,0.103548,0.0949062,0.103587
0.10018,0.101678,0.0994133,0.110136,0.0980655,0.102207,0.0920267,0.102439,0.0964719,0.097382
0.0993155,0.102029,0.0995059,0.109692,0.0981032,0.102331,0.092472,0.103191,0.0959788,0.0973814
0.100205,0.101043,0.0999478,0.106564,0.0985274,0.101627,0.0948659,0.101308,0.097719,0.0981932
0.101323,0.101001,0.0989975,0.104185,0.0994575,0.101057,0.0965447,0.100155,0.0991503,0.0981294
0.100539,0.101567,0.100241,0.104386,0.0983704,0.102085,0.0954966,0.100659,0.0981156,0.0985423
0.101954,0.102117,0.098635,0.106834,0.096585,0.104407,0.0929247,0.101599,0.0974468,0.0974979
0.102324,0.101819,0.0986168,0.108785,0.0966621,0.104134,0.0921972,0.100795,0.097484,0.0971825
0.101162,0.102328,0.0991959,0.107983,0.0941715,0.10644,0.0913738,0.103499,0.0957257,0.0981207
