0,1,2,3,4,5,6,7,8,9
0,0,0,0,0,0,0,0,0,0
0,0,0,0,0,0,0,0,0,0
0,0,0,0,0,0,0,0,0,0
0,0,0,0,0,0,0,0,0,0
0,0,0,0,0,0,0,0,0,0
0,0,0,0,0,0,0,0,0,0
0,0,0,0,0,0,0,0,0,0
0,0,0,0,0,0,0,0,0,0
0,0,0,0,0,0,0,0,0,0
0.102163,0.0953147,0.104374,0.098113,0.0969382,0.104276,0.1061,0.091998,0.10069,0.100033
0.107561,0.0887835,0.103294,0.0934695,0.101164,0.100727,0.119659,0.0877883,0.0974906,0.100063
0.107005,0.0886523,0.103799,0.0931812,0.102945,0.101086,0.118619,0.0883678,0.0969206,0.0994244
0.108636,0.0873462,0.102965,0.0935599,0.102457,0.103784,0.119468,0.0878169,0.0963149,0.0976503
0.108032,0.0899087,0.102413,0.0961968,0.100885,0.10163,0.114463,0.0932625,0.0962655,0.0969421
0.107727,0.0903153,0.100671,0.0968091,0.0986865,0.103339,0.110175,0.0955782,0.0977949,0.0989042
0.108074,0.0915327,0.0982737,0.0965237,0.105164,0.0994125,0.110409,0.0949873,0.0973831,0.0982409
0.110129,0.0908731,0.0963138,0.0964602,0.106332,0.0970102,0.108094,0.0982164,0.0993931,0.0971784
0.108065,0.0913692,0.0976515,0.0947715,0.105877,0.0982891,0.108685,0.095145,0.0997798,0.100368
0.105811,0.0923258,0.100396,0.0940567,0.104453,0.100192,0.109541,0.0937692,0.0978947,0.101561
0.106351,0.0915958,0.100183,0.0926539,0.104038,0.0989734,0.114864,0.0914558,0.0976045,0.102281
0.105377,0.0922626,0.100335,0.0940597,0.102919,0.0995744,0.114235,0.0912524,0.0971697,0.102816
0.110839,0.0946069,0.0982739,0.093127,0.103933,0.0968111,0.108776,0.0976557,0.100604,0.0953732
0.109814,0.0942482,0.0988656,0.0950473,0.104635,0.0963233,0.108015,0.0985916,0.099687,0.0947732
0.11095,0.093448,0.0973124,0.0957222,0.10727,0.0956647,0.107975,0.0986521,0.101274,0.0917323
0.108954,0.0906774,0.0986274,0.0949398,0.109176,0.0966954,0.109374,0.0962456,0.0994653,0.095845
0.110306,0.0902616,0.0968965,0.0943173,0.111262,0.097291,0.10893,0.0979689,0.0990547,0.0937115
0.110902,0.0895295,0.0967649,0.094626,0.112321,0.0969943,0.110167,0.0977828,0.0989942,0.0919189
0.112052,0.0900245,0.0985931,0.0949134,0.107198,0.0963702,0.109359,0.0986303,0.100461,0.0923973
0.11428,0.0898491,0.0964468,0.0953809,0.111262,0.0943896,0.10842,0.0997404,0.100655,0.0895761
0.115655,0.0886961,0.0969599,0.0946064,0.108944,0.0942994,0.11133,0.0978602,0.101936,0.0897127
0.111433,0.0902182,0.0968869,0.0951259,0.109109,0.0956796,0.110582,0.0975232,0.100569,0.0928738
0.108665,0.092145,0.0986581,0.0943593,0.104214,0.0976338,0.112213,0.0951222,0.0999106,0.0970788
0.108459,0.0929333,0.098576,0.0945548,0.105775,0.0983847,0.111879,0.0939782,0.099316,0.096144
0.110631,0.0930199,0.0984155,0.0937286,0.100216,0.102455,0.107612,0.0952221,0.102243,0.0964576
0.113795,0.0898412,0.0975083,0.0925543,0.0971314,0.107702,0.10634,0.0944583,0.105539,0.0951299
0.114046,0.0875171,0.0961447,0.0944383,0.101384,0.109343,0.104353,0.094912,0.103926,0.0939351
0.116411,0.0847046,0.0963567,0.0938808,0.100999,0.111483,0.105244,0.0931627,0.104355,0.0934025
0.118601,0.0831335,0.0967169,0.0917134,0.0986113,0.111645,0.108872,0.091589,0.106551,0.0925661
0.117941,0.0819124,0.0963287,0.0934423,0.0985206,0.112862,0.106597,0.0936478,0.105028,0.0937209
0.119942,0.0801254,0.0966089,0.090005,0.0972481,0.113275,0.110967,0.0915396,0.106576,0.0937134
0.122993,0.0763169,0.0979397,0.0875228,0.0948342,0.11473,0.115275,0.0894416,0.106305,0.0946415
0.121206,0.0720765,0.0991843,0.0862033,0.0892604,0.121126,0.11583,0.0871378,0.106719,0.101257
0.119321,0.0718087,0.098072,0.091328,0.0909297,0.122733,0.113893,0.0876891,0.108621,0.0956042
0.111832,0.0756808,0.100625,0.0967412,0.0921341,0.11981,0.111893,0.090381,0.104597,0.0963058
0.110655,0.0776085,0.102284,0.0980194,0.0925537,0.117236,0.11091,0.0912808,0.101962,0.0974911
0.111015,0.075497,0.100671,0.0959802,0.0952574,0.115691,0.115984,0.0912734,0.100044,0.0985873
0.10733,0.0815206,0.101156,0.101565,0.0951815,0.109912,0.112341,0.0945805,0.0981112,0.098303
0.103619,0.0892487,0.100762,0.105898,0.0960552,0.107371,0.106894,0.0984812,0.0984818,0.0931889
0.10405,0.0898528,0.0999207,0.104068,0.0944802,0.106976,0.108834,0.0986867,0.0988555,0.0942753
0.102159,0.0900979,0.0994032,0.105565,0.0971429,0.106116,0.107089,0.0995474,0.0983212,0.0945584
0.102998,0.0932322,0.0980058,0.1055,0.0978718,0.101489,0.105431,0.101942,0.096867,0.0966635
0.103939,0.0954971,0.0980315,0.103821,0.0963533,0.102066,0.10379,0.10078,0.0967047,0.0990174
0.104939,0.0949504,0.0999692,0.102917,0.0922563,0.103447,0.107572,0.0980708,0.0968275,0.0990512
0.1034,0.0944394,0.0993126,0.102561,0.0978154,0.102788,0.104347,0.099702,0.097806,0.0978292
0.102395,0.0947606,0.102446,0.102254,0.09359,0.105188,0.105847,0.099656,0.0950628,0.0988003
0.102526,0.0931956,0.103447,0.10271,0.0941388,0.104803,0.105102,0.100165,0.0946542,0.099258
0.10222,0.0925764,0.10259,0.10222,0.096782,0.105304,0.105694,0.100315,0.0934205,0.0988788
0.103786,0.0937039,0.100724,0.101371,0.0976574,0.103942,0.102611,0.101223,0.0955393,0.0994433
0.105638,0.093449,0.0991929,0.0996357,0.102944,0.101281,0.10111,0.101588,0.0982721,0.0968888
0.104485,0.0933623,0.0979584,0.0996425,0.100987,0.100673,0.0999072,0.103073,0.100263,0.0996482
0.104175,0.0959216,0.0980591,0.0991682,0.0996917,0.0996929,0.101531,0.102207,0.100988,0.0985656
0.103717,0.0962237,0.099623,0.0980175,0.100001,0.100875,0.101373,0.100196,0.100662,0.0993125
0.104228,0.0987155,0.101466,0.0957633,0.0994401,0.101233,0.101895,0.0983317,0.0988025,0.100124
0.106495,0.0992321,0.101273,0.0974074,0.100251,0.101118,0.10213,0.0964999,0.100294,0.0953001
0.113101,0.0997837,0.10145,0.094674,0.0995213,0.0993608,0.10542,0.0961408,0.0988779,0.09167
0.11265,0.0993322,0.0996031,0.0958657,0.102551,0.0978568,0.104691,0.0985502,0.0991663,0.0897343
0.110417,0.0974112,0.096235,0.0947213,0.103508,0.0977525,0.107686,0.0997192,0.100888,0.0916616
0.108126,0.0946276,0.0952255,0.0945036,0.103268,0.101785,0.104032,0.100695,0.100574,0.0971626
0.106129,0.0916218,0.0976071,0.0974925,0.103691,0.0996379,0.104843,0.100655,0.0999215,0.0984019
0.104206,0.0936067,0.101072,0.0978132,0.0977362,0.102525,0.104678,0.0997321,0.0989498,0.0996808
0.108683,0.0884491,0.102097,0.0941935,0.091634,0.110293,0.105515,0.0960927,0.0992419,0.103801
0.108834,0.088431,0.103858,0.0930562,0.0891418,0.111299,0.106247,0.0957022,0.096989,0.106441
0.109814,0.0876186,0.104348,0.0913123,0.0872621,0.113415,0.108013,0.094893,0.0952848,0.108038
0.109649,0.0869192,0.102491,0.0939882,0.0854641,0.112409,0.106439,0.0960023,0.0980848,0.108554
0.106049,0.0893938,0.102927,0.0941477,0.085651,0.113042,0.108417,0.0971401,0.0952685,0.107964
0.10596,0.0906029,0.106703,0.0949,0.0885525,0.112711,0.109743,0.0914363,0.0957338,0.103658
0.105774,0.0914525,0.109623,0.0972461,0.0876621,0.113569,0.111808,0.0890814,0.0938116,0.0999723
0.104606,0.0926849,0.107002,0.0987639,0.0890567,0.110703,0.109225,0.0922906,0.0948179,0.10085
0.103754,0.0942753,0.104942,0.0997515,0.0918791,0.107283,0.107638,0.0961504,0.0935431,0.100783
0.102083,0.0951581,0.103974,0.102211,0.0939053,0.104824,0.106347,0.0968495,0.0963591,0.0982885
0.103852,0.0932879,0.103185,0.101874,0.0994538,0.100282,0.105602,0.0979961,0.0959882,0.0984796
0.104364,0.0943826,0.105098,0.101847,0.099352,0.100919,0.107081,0.0959835,0.0945661,0.0964067
0.107095,0.0932557,0.107502,0.101971,0.0943486,0.0986,0.108578,0.0974444,0.0945354,0.0966703
0.108425,0.0929828,0.109584,0.0986065,0.0961061,0.100354,0.110008,0.0939065,0.0922304,0.0977963
0.107555,0.0927203,0.10577,0.102693,0.0958465,0.102538,0.106555,0.0988008,0.0942883,0.0932341
0.107848,0.0922456,0.103341,0.103924,0.0940268,0.102697,0.106031,0.0997718,0.0971128,0.0930018
0.106206,0.0937213,0.104665,0.10328,0.0932514,0.102845,0.106297,0.0994544,0.0962778,0.0940014
0.104077,0.0936905,0.105543,0.100036,0.0953496,0.105454,0.106132,0.0982556,0.0951019,0.0963602
0.104605,0.0912782,0.101851,0.101933,0.0959779,0.104347,0.103848,0.100561,0.0992789,0.0963193
0.10528,0.0858219,0.100753,0.100555,0.0999873,0.104523,0.105801,0.101906,0.0999378,0.0954342
0.103669,0.0880834,0.102063,0.100309,0.0998994,0.104031,0.107636,0.100415,0.097189,0.0967053
0.104677,0.0918792,0.0998745,0.102421,0.0939086,0.101615,0.107245,0.10203,0.098775,0.0975756
0.103269,0.0922156,0.100635,0.102283,0.0967359,0.103597,0.104469,0.10118,0.0977019,0.0979143
0.103278,0.0964493,0.0998397,0.100575,0.0962449,0.102809,0.103019,0.099048,0.0970063,0.101731
0.101641,0.0973445,0.0999534,0.101321,0.0963739,0.102532,0.102559,0.0990045,0.0970682,0.102203
0.103737,0.0978244,0.100808,0.0987151,0.0964,0.101645,0.104875,0.0979751,0.0967037,0.101317
0.106547,0.0987352,0.0998687,0.0984224,0.0986587,0.099664,0.105798,0.0985646,0.0958487,0.0978926
0.104171,0.0979656,0.102221,0.101421,0.0912929,0.105195,0.106896,0.0982146,0.0920155,0.100607
0.102854,0.098957,0.0997707,0.10306,0.0944583,0.10115,0.10486,0.100424,0.093499,0.100968
0.104648,0.0993507,0.102043,0.100242,0.0941039,0.100636,0.106795,0.0980017,0.0932717,0.100908
0.104241,0.0983225,0.0998125,0.100678,0.093145,0.103061,0.104378,0.0990015,0.0947741,0.102587
0.105346,0.0931535,0.10394,0.0969061,0.099031,0.106185,0.106722,0.0955942,0.0923949,0.100728
0.108489,0.0952639,0.102873,0.0971688,0.0996454,0.10311,0.104154,0.0954834,0.0948833,0.0989286
0.104627,0.0926581,0.103069,0.0992102,0.101243,0.104405,0.105725,0.0962266,0.0929231,0.0999121
0.11118,0.0916547,0.101404,0.0965336,0.0990024,0.102668,0.107625,0.095346,0.0968873,0.0976979
0.112728,0.0886084,0.101075,0.0964585,0.0971582,0.102557,0.115323,0.0920027,0.0969809,0.0971087
0.110132,0.089612,0.103046,0.0949483,0.0952672,0.0992372,0.116838,0.0928672,0.0979628,0.100089
0.110288,0.0900973,0.104671,0.0928913,0.0953757,0.101196,0.114401,0.0935566,0.0969153,0.100607
0.110569,0.0871785,0.106356,0.0920276,0.0950567,0.103623,0.116839,0.0912862,0.0960135,0.101051
0.11414,0.0861999,0.10166,0.0943944,0.0969348,0.10068,0.117908,0.0920713,0.0976165,0.0983952
0.110656,0.0894213,0.0998239,0.0961752,0.101678,0.0964782,0.113796,0.0959288,0.0968631,0.0991799
0.109267,0.0929214,0.0976755,0.0973306,0.102735,0.0959719,0.107527,0.0999862,0.098632,0.0979529
0.111131,0.0923662,0.0977549,0.095808,0.102135,0.0938312,0.107566,0.100136,0.101092,0.0981786
0.112749,0.0902567,0.100004,0.0937428,0.100008,0.0925645,0.112447,0.0986009,0.101372,0.0982555
0.108748,0.0911856,0.0997535,0.0953235,0.100945,0.0951828,0.11014,0.0972276,0.10089,0.100604
0.113049,0.0903047,0.0987999,0.0947508,0.100109,0.0942172,0.111616,0.0986341,0.10167,0.0968496
0.109976,0.092671,0.101053,0.0949737,0.0974219,0.0970943,0.11076,0.0974394,0.0999207,0.0986901
0.115324,0.0919935,0.0972449,0.0949809,0.102423,0.0930472,0.10875,0.102831,0.100727,0.0926788
0.11534,0.0935571,0.0981041,0.0951267,0.103774,0.0942719,0.107096,0.101481,0.100206,0.0910431
0.111695,0.0968214,0.0983099,0.0958219,0.103903,0.0950038,0.104315,0.101223,0.100104,0.0928027
0.110531,0.0930798,0.0973498,0.0961361,0.107367,0.0953896,0.106426,0.101537,0.101335,0.0908502
0.105502,0.0933475,0.0983101,0.0971936,0.107646,0.097553,0.108104,0.0990171,0.0995715,0.0937556
0.102553,0.0953479,0.10425,0.0959144,0.0995432,0.0997566,0.111649,0.0913269,0.0962385,0.10342
0.102057,0.0964055,0.103195,0.0965566,0.0994556,0.0994937,0.109899,0.094209,0.0967361,0.101992
0.101069,0.0955397,0.104894,0.0968287,0.101751,0.100865,0.109689,0.0919621,0.0945596,0.102842
0.101062,0.0966813,0.105568,0.0955864,0.0976596,0.106031,0.105623,0.0943719,0.0920971,0.10532
0.102199,0.0938269,0.105122,0.0951598,0.0996768,0.10584,0.109679,0.0911626,0.0945972,0.102736
0.101619,0.0948828,0.106388,0.0939476,0.0997613,0.106147,0.110844,0.0890754,0.0924434,0.104892
0.103374,0.0931267,0.105687,0.0949941,0.100459,0.10534,0.114471,0.0898367,0.0917103,0.101002
0.103913,0.0915444,0.107319,0.0918975,0.0986677,0.109776,0.115628,0.0878165,0.0900006,0.103438
0.106813,0.087975,0.109745,0.0897792,0.0963111,0.112533,0.123159,0.0856021,0.0879782,0.100103
0.106951,0.0876774,0.107618,0.092437,0.0989711,0.109627,0.123951,0.0847449,0.0911566,0.0968657
0.111357,0.0870169,0.101135,0.096333,0.104408,0.104204,0.11776,0.0908413,0.0947629,0.0921819
0.107905,0.0854825,0.101617,0.0931411,0.108401,0.100435,0.124339,0.0877615,0.0941357,0.0967819
0.106618,0.0883329,0.100777,0.0944381,0.107569,0.100363,0.117986,0.090068,0.0955763,0.0982721
0.10816,0.0872162,0.101372,0.0917299,0.108517,0.0970622,0.117843,0.0891238,0.0964348,0.102541
0.105625,0.0906358,0.1017,0.092977,0.106486,0.0986793,0.113431,0.0908651,0.0956735,0.103927
0.106848,0.0896955,0.104637,0.0919533,0.10481,0.0958529,0.114538,0.0907602,0.0972918,0.103613
0.106984,0.0918894,0.10903,0.0912385,0.101063,0.0952701,0.112997,0.0911964,0.0958684,0.104463
0.110528,0.0907098,0.10969,0.0911784,0.0983389,0.0934022,0.115715,0.0905548,0.098826,0.101057
0.108335,0.0910543,0.11361,0.0964547,0.0969947,0.0953313,0.110987,0.0921618,0.0962869,0.0987847
0.104875,0.0942874,0.109453,0.0988078,0.0987276,0.0993119,0.110263,0.0948829,0.0924516,0.0969407
0.103186,0.0957994,0.110546,0.0984493,0.0972519,0.0984402,0.109257,0.0928735,0.0949802,0.0992179
0.103794,0.096158,0.109914,0.0983724,0.097679,0.0979353,0.107821,0.0917397,0.0968592,0.0997279
0.104798,0.0953259,0.109699,0.0988573,0.0974208,0.0972792,0.108942,0.0901682,0.0968023,0.100707
0.105471,0.0936109,0.107399,0.0994223,0.095788,0.0993669,0.109562,0.0914483,0.0984618,0.0994693
0.110655,0.0916678,0.106072,0.0935853,0.103181,0.100017,0.109562,0.0881586,0.0983651,0.0987362
0.108233,0.091175,0.105937,0.0935601,0.100464,0.0975152,0.11355,0.0913405,0.0979694,0.100256
0.108317,0.0920298,0.103046,0.0944744,0.100446,0.0990376,0.111241,0.093078,0.0993822,0.0989482
0.109633,0.0917622,0.102695,0.0959674,0.0993793,0.100353,0.107365,0.0934318,0.0996489,0.0997642
0.109664,0.0964671,0.1018,0.0947737,0.102062,0.0971643,0.108023,0.095706,0.0998635,0.094477
0.115976,0.0950748,0.100214,0.0920204,0.101695,0.0932213,0.112618,0.0970729,0.100799,0.0913077
0.117009,0.093607,0.0957032,0.092814,0.105396,0.0931313,0.111154,0.100875,0.102841,0.0874697
0.114073,0.0942202,0.0937131,0.0965782,0.105757,0.0914644,0.105881,0.102817,0.104592,0.0909042
0.111794,0.0941774,0.0923844,0.0972492,0.10475,0.093362,0.106451,0.102662,0.104616,0.0925531
0.111099,0.0939781,0.0939551,0.0979147,0.103812,0.0925526,0.103979,0.103678,0.105017,0.0940146
0.108106,0.0926477,0.0910548,0.0985708,0.103198,0.0955713,0.107053,0.104306,0.103881,0.0956109
0.113365,0.0949486,0.0944272,0.0960623,0.104921,0.0922185,0.104343,0.102179,0.105088,0.0924457
0.112503,0.0957586,0.0954574,0.0945907,0.100973,0.0942645,0.104328,0.103485,0.104588,0.0940524
0.11373,0.0934196,0.0962413,0.0941404,0.0982021,0.0939461,0.107495,0.103795,0.105131,0.0938993
0.112703,0.0957986,0.0979501,0.0957407,0.095138,0.0946925,0.105974,0.102841,0.10413,0.0950326
0.108478,0.0980378,0.0979204,0.0983004,0.0932841,0.0987781,0.102638,0.102256,0.101809,0.0984991
0.105283,0.0970061,0.0996331,0.0974092,0.093472,0.100683,0.101935,0.100074,0.0999141,0.10459
0.106841,0.0933065,0.0994249,0.0979279,0.0941789,0.101815,0.102276,0.100403,0.102032,0.101795
0.106369,0.0944158,0.101926,0.0949428,0.0922714,0.102095,0.105482,0.0983215,0.101449,0.102728
0.104695,0.0940324,0.100468,0.0963648,0.0917243,0.10117,0.105562,0.100836,0.100405,0.104742
0.105426,0.092808,0.101791,0.0922414,0.0922444,0.104367,0.107404,0.0984636,0.0992591,0.105996
0.10647,0.0907255,0.102172,0.0924107,0.0930327,0.107239,0.108778,0.0953813,0.0973024,0.106489
0.103738,0.0924445,0.102408,0.0950174,0.094625,0.105351,0.105734,0.0982691,0.0983729,0.10404
0.103716,0.0925702,0.102285,0.0946488,0.0949227,0.104862,0.105276,0.09909,0.0973951,0.105235
0.102025,0.0959486,0.102724,0.0969541,0.0951609,0.100891,0.102187,0.101425,0.0996108,0.103074
0.105852,0.0951762,0.100871,0.096163,0.0969794,0.100253,0.102407,0.100807,0.102054,0.0994379
0.104596,0.0985815,0.0992058,0.0974571,0.100939,0.0982466,0.101662,0.101023,0.101442,0.0968475
0.105161,0.0996436,0.0994296,0.0973345,0.101811,0.098447,0.102712,0.0997355,0.102791,0.0929341
0.105432,0.0996636,0.100316,0.0980789,0.100834,0.0991771,0.102279,0.0990795,0.101203,0.0939363
0.10899,0.0945852,0.102865,0.0956942,0.0993404,0.105143,0.105529,0.0944936,0.0976986,0.0956602
0.106243,0.0961654,0.102459,0.0977032,0.0992728,0.102567,0.104322,0.0950591,0.0996433,0.0965647
0.107643,0.0936265,0.099235,0.0986759,0.10168,0.103066,0.103865,0.0972086,0.100778,0.0942223
0.109999,0.0897424,0.100042,0.0974938,0.104142,0.104123,0.106215,0.097167,0.100669,0.0904062
0.114085,0.0892096,0.0983316,0.0945613,0.104526,0.104069,0.109959,0.0961757,0.101091,0.0879916
0.117697,0.0886168,0.0987898,0.0928691,0.102218,0.103586,0.111024,0.09571,0.101267,0.0882233
0.116096,0.0879091,0.101893,0.0941777,0.102557,0.104041,0.109326,0.0945915,0.10114,0.0882699
0.111145,0.0906748,0.101142,0.0972185,0.100995,0.102731,0.10591,0.0960936,0.100944,0.0931462
0.107845,0.0906496,0.100044,0.098451,0.1044,0.104454,0.103944,0.0994886,0.0971698,0.0935541
0.110527,0.0927952,0.0991065,0.0976815,0.103354,0.100527,0.102158,0.100246,0.0999337,0.09367
0.106036,0.0928407,0.0985302,0.0984903,0.103323,0.103208,0.103171,0.100953,0.0969375,0.0965103
0.107474,0.0927904,0.0984444,0.0984915,0.100047,0.102501,0.106792,0.0996875,0.0973814,0.0963903
0.109997,0.0919494,0.100949,0.0972639,0.0997572,0.102287,0.10835,0.0966194,0.096887,0.0959409
0.107281,0.0948889,0.102153,0.0974589,0.0995361,0.0999044,0.10638,0.0978543,0.0970088,0.0975347
0.107879,0.0929807,0.107458,0.0962018,0.0940458,0.101332,0.111553,0.0938111,0.0954388,0.0993001
0.110392,0.0894475,0.106648,0.0945275,0.0962949,0.0983917,0.115064,0.0931649,0.096517,0.0995513
0.111391,0.0893952,0.105216,0.0969591,0.0973207,0.0937421,0.115132,0.0958161,0.0987133,0.0963148
0.109316,0.0893558,0.104196,0.0970572,0.0964249,0.0981839,0.113898,0.0966954,0.0983583,0.0965144
0.107507,0.0908072,0.104473,0.0971068,0.0979824,0.0987209,0.111779,0.0953033,0.0980881,0.0982331
0.108994,0.0880175,0.106594,0.094362,0.0934202,0.104529,0.114264,0.0930748,0.0972228,0.0995223
0.114442,0.0847583,0.104601,0.0917086,0.0967002,0.107557,0.115997,0.0910887,0.0962717,0.0968749
0.113151,0.0844013,0.104691,0.0921604,0.098683,0.108276,0.11582,0.0906355,0.0960204,0.0961615
0.107988,0.086635,0.103461,0.0937507,0.0981025,0.105692,0.117856,0.0911042,0.0968811,0.0985291
0.106294,0.0892383,0.103511,0.0939291,0.0976744,0.105987,0.113355,0.0920522,0.0975604,0.100398
0.104485,0.0915211,0.104578,0.0949347,0.0973593,0.104396,0.111044,0.0955683,0.0942655,0.101849
0.10431,0.0923272,0.105433,0.0944138,0.0975505,0.105983,0.110861,0.094127,0.0935481,0.101446
0.103823,0.0921005,0.105717,0.093752,0.0959784,0.105851,0.110096,0.0952614,0.094273,0.103148
0.105665,0.0907042,0.104065,0.0953684,0.0970224,0.103993,0.110634,0.0947785,0.0973534,0.100417
0.102348,0.0925386,0.104984,0.0969531,0.0981689,0.102904,0.109571,0.0936691,0.0971478,0.101716
0.102742,0.0929317,0.101887,0.0962223,0.101419,0.102952,0.109528,0.0941612,0.0966729,0.101483
0.101985,0.0919603,0.10504,0.0959829,0.0989125,0.102335,0.11011,0.0936464,0.0958191,0.104209
0.103429,0.0890821,0.108164,0.0960611,0.0947558,0.104095,0.112624,0.0917139,0.0963344,0.103741
0.102093,0.0885476,0.108868,0.0953913,0.0954613,0.103327,0.113929,0.0916099,0.095827,0.104945
0.105932,0.0898497,0.107851,0.0959298,0.08821,0.107445,0.112924,0.0918241,0.0978826,0.102152
0.100817,0.0954292,0.108112,0.0964163,0.0929195,0.108043,0.108185,0.0935318,0.0938646,0.102682
0.102366,0.0962135,0.104961,0.0967498,0.0929166,0.105911,0.106163,0.0959488,0.0952131,0.103558
0.104353,0.0956666,0.107934,0.0948327,0.0918404,0.10761,0.108029,0.0927252,0.0928981,0.10411
0.101633,0.0982809,0.107952,0.0950555,0.0952206,0.106148,0.106785,0.0930147,0.0913336,0.104577
0.102821,0.0985308,0.106972,0.0965437,0.0966341,0.103279,0.109391,0.0937038,0.0916557,0.100469
0.107616,0.0979737,0.108287,0.0948486,0.0964589,0.105056,0.110678,0.0902493,0.0920359,0.0967954
0.11128,0.0931063,0.110003,0.0925151,0.0973303,0.102474,0.117027,0.0874055,0.092476,0.0963825
0.111017,0.0911668,0.109089,0.0926958,0.100477,0.097964,0.119113,0.0866131,0.094665,0.0971994
0.113969,0.0877739,0.107479,0.0936186,0.0991669,0.100135,0.120211,0.0887709,0.0942245,0.0946521
0.111788,0.0906432,0.10873,0.0945118,0.0972048,0.0994555,0.119435,0.0911027,0.0928163,0.0943129
0.110169,0.0914245,0.107166,0.0974849,0.0987635,0.0990287,0.114183,0.0949704,0.0934177,0.093392
0.108711,0.0920376,0.107513,0.0965777,0.0984301,0.0977247,0.115781,0.0946184,0.094789,0.0938175
0.108703,0.0925583,0.106649,0.0991611,0.0954214,0.0963209,0.112309,0.0963728,0.0975622,0.0949415
0.105256,0.0942034,0.102507,0.10082,0.0968335,0.100446,0.108274,0.0989232,0.0980061,0.0947315
0.103289,0.09541,0.101748,0.100632,0.0980658,0.101554,0.104035,0.0994954,0.0992666,0.0965034
0.104528,0.0946478,0.101476,0.102783,0.0987689,0.101291,0.101989,0.101419,0.0972576,0.0958393
0.105137,0.0929382,0.101492,0.103709,0.0986069,0.102031,0.101696,0.101811,0.0969948,0.0955833
0.104202,0.092437,0.101232,0.104929,0.0970707,0.101649,0.103137,0.101702,0.0970849,0.0965577
0.102762,0.0916463,0.10029,0.105104,0.0964873,0.102621,0.104658,0.101004,0.0968107,0.0986166
0.102582,0.0910514,0.10036,0.105964,0.0964536,0.103033,0.105361,0.101838,0.0959498,0.0974079
0.103877,0.091222,0.0995929,0.105289,0.0920353,0.103299,0.106793,0.0995467,0.0981979,0.100146
0.10412,0.0891985,0.0992577,0.105574,0.0937651,0.103528,0.108602,0.0989468,0.0974621,0.099546
0.103276,0.0912939,0.0986119,0.103208,0.0963732,0.103345,0.108226,0.0987603,0.0964076,0.100498
0.105714,0.0915968,0.0973771,0.100664,0.0990063,0.101091,0.107925,0.0974967,0.0978234,0.101306
0.108192,0.0929463,0.0962613,0.0997754,0.0991061,0.0979412,0.108541,0.0999429,0.0979174,0.0993758
0.109774,0.0954064,0.0987749,0.0991253,0.0977909,0.0987593,0.106057,0.0990076,0.0990973,0.0962076
0.113527,0.0917271,0.100341,0.0971212,0.0966173,0.103999,0.109166,0.0947416,0.0991839,0.0935752
0.113255,0.0916492,0.0997051,0.0976982,0.096529,0.10492,0.108954,0.0956288,0.0991018,0.0925586
0.119317,0.0915786,0.0951901,0.0954074,0.106692,0.0954951,0.109988,0.0993844,0.0981628,0.088785
0.118748,0.0936657,0.0968364,0.0939102,0.105686,0.0959899,0.107532,0.0996116,0.0989533,0.089067
0.117973,0.0896918,0.0960994,0.0934648,0.106188,0.0955403,0.113541,0.0986125,0.0987652,0.0901236
0.117562,0.0898315,0.0964287,0.0939214,0.107725,0.0943124,0.111897,0.100837,0.0993072,0.0881785
0.114673,0.0897388,0.0956438,0.0950803,0.108623,0.0935179,0.11076,0.103947,0.102793,0.0852239
0.109905,0.0924384,0.0988695,0.0965928,0.105852,0.0965642,0.109677,0.0992115,0.100701,0.0901874
0.108148,0.0922677,0.0995856,0.0965583,0.105551,0.0971368,0.111103,0.0983912,0.100097,0.091162
0.111981,0.0890903,0.0975352,0.0945229,0.106622,0.0974836,0.111527,0.0999752,0.100324,0.0909385
0.111569,0.0911837,0.0982348,0.0956265,0.105795,0.0949267,0.109954,0.100459,0.100994,0.0912578
0.110963,0.0908624,0.0971663,0.0965789,0.103758,0.0951107,0.108857,0.1003,0.103918,0.0924861
0.102354,0.0949359,0.101187,0.0969687,0.105069,0.101213,0.103881,0.0973805,0.0947619,0.10225
0.100629,0.0942358,0.103792,0.0960102,0.104268,0.102804,0.106471,0.0960901,0.0922362,0.103464
0.100168,0.0966449,0.102925,0.0979667,0.101625,0.101042,0.104218,0.0982628,0.0955362,0.101611
0.102147,0.0942317,0.104393,0.096912,0.102074,0.101377,0.105206,0.0959426,0.0944751,0.103241
0.100866,0.0955112,0.100782,0.10055,0.102338,0.10027,0.101649,0.0990021,0.0949285,0.104105
0.104284,0.0945564,0.0996045,0.0997746,0.102385,0.0994249,0.101353,0.0993755,0.0970359,0.102205
0.102849,0.0955411,0.0992322,0.10048,0.0987036,0.0988885,0.101967,0.100921,0.0994392,0.10198
0.105144,0.094779,0.100725,0.0982523,0.101774,0.0961906,0.104731,0.0974981,0.09966,0.101245
0.10359,0.0950318,0.101074,0.0982556,0.102404,0.0976774,0.103573,0.0974368,0.0991412,0.101815
0.103116,0.0926273,0.102501,0.0941272,0.106587,0.10164,0.109435,0.0926118,0.0924383,0.104916
0.103672,0.0926343,0.10232,0.0954719,0.106548,0.100086,0.107229,0.0943741,0.0947797,0.102885
0.105196,0.0922578,0.0985445,0.097205,0.107453,0.0985314,0.107414,0.0951843,0.0973616,0.100852
0.109021,0.0932473,0.0975218,0.0999894,0.10365,0.0958712,0.103668,0.0986064,0.101093,0.0973315
0.112436,0.0942833,0.0967878,0.0983067,0.102441,0.0936555,0.104559,0.101304,0.102162,0.0940656
0.109078,0.0950826,0.0978073,0.0983153,0.100172,0.0954612,0.107344,0.100221,0.100518,0.0959998
0.106323,0.0928352,0.100171,0.0997346,0.101214,0.0950506,0.106565,0.0991588,0.100651,0.0982984
0.104083,0.0922208,0.103239,0.0956723,0.105749,0.0977251,0.107929,0.0947466,0.0977418,0.100894
0.102504,0.0972675,0.103002,0.0974153,0.104743,0.09958,0.10492,0.0936905,0.0971203,0.0997582
0.102947,0.0987321,0.103409,0.0979935,0.102098,0.0984638,0.104442,0.0951734,0.0980023,0.0987382
0.102076,0.100146,0.103001,0.0983893,0.0999661,0.0994452,0.104166,0.0942011,0.0996055,0.0990041
0.0992423,0.0998968,0.103218,0.0984863,0.098304,0.101188,0.102463,0.0956582,0.102321,0.0992226
0.0997058,0.100698,0.104371,0.0982281,0.0970219,0.101918,0.103054,0.0966859,0.0985797,0.0997372
0.100771,0.0972861,0.105484,0.0981976,0.0965507,0.10396,0.105133,0.0974096,0.0954762,0.0997323
0.100227,0.0980391,0.107234,0.0973404,0.0957138,0.103965,0.10751,0.0959977,0.094371,0.0996014
0.100425,0.0987541,0.10623,0.0958995,0.0957261,0.10382,0.106839,0.0954278,0.0947805,0.102098
0.0995222,0.0966097,0.109203,0.0951464,0.0923171,0.108021,0.106201,0.0945972,0.0941757,0.104208
0.099244,0.0957262,0.112017,0.0969369,0.0921849,0.108397,0.108652,0.0953362,0.0891534,0.102353
0.0995797,0.0983862,0.111113,0.097367,0.0902227,0.107993,0.10638,0.0950861,0.0931134,0.100759
0.100613,0.0946259,0.107458,0.0986414,0.0928085,0.107534,0.105201,0.0978453,0.091539,0.103734
0.101917,0.0935926,0.105985,0.101983,0.0903782,0.10545,0.10695,0.0971122,0.093848,0.102783
0.102054,0.0931707,0.108409,0.0996173,0.0904187,0.107449,0.107844,0.0938686,0.0951915,0.101977
0.101597,0.095718,0.106648,0.0998768,0.0917207,0.106316,0.105887,0.0969477,0.0920428,0.103246
0.101249,0.097615,0.109788,0.0971522,0.0906459,0.107879,0.107362,0.0944222,0.0900976,0.10379
0.103208,0.0953437,0.10293,0.0972637,0.0900617,0.105882,0.10568,0.0982572,0.0955481,0.105826
0.102074,0.0955206,0.104477,0.101548,0.0924595,0.104338,0.105675,0.0986336,0.0932628,0.102011
0.102748,0.0940083,0.102596,0.102368,0.0957725,0.103717,0.10488,0.100052,0.0942897,0.0995681
0.103962,0.0933353,0.0998686,0.100292,0.098232,0.104184,0.103512,0.100085,0.0978461,0.0986841
0.108934,0.0878009,0.096636,0.0980758,0.100612,0.106251,0.10532,0.0993216,0.101572,0.0954772
0.11417,0.0878472,0.0969708,0.0959604,0.0995077,0.105946,0.109572,0.0956115,0.101281,0.0931325
0.110451,0.0901051,0.0999515,0.0990047,0.0994323,0.104324,0.109012,0.0937214,0.0990361,0.0949613
0.113824,0.0918801,0.0979182,0.0975048,0.0981745,0.102553,0.108658,0.0972068,0.100279,0.0920014
0.109192,0.0968278,0.0986472,0.0974561,0.0965214,0.100778,0.106274,0.0992951,0.1014,0.0936086
0.112054,0.094801,0.0977875,0.0964265,0.0985954,0.102025,0.106604,0.0978871,0.100882,0.092937
0.0999565,0.0986111,0.100837,0.099149,0.10084,0.0999044,0.102261,0.0968934,0.104289,0.0972589
0.106649,0.0972963,0.100335,0.0994481,0.0988609,0.101042,0.104272,0.0978257,0.102908,0.0913624
0.106384,0.0932986,0.101605,0.0978508,0.0974608,0.104223,0.107735,0.0945543,0.100733,0.0961555
0.110535,0.0927401,0.100291,0.0964641,0.0964668,0.103103,0.108164,0.0972594,0.0994716,0.0955055
0.105682,0.0929698,0.10273,0.0975434,0.0959286,0.10584,0.108085,0.0943162,0.0979106,0.0989939
0.105295,0.0914114,0.104146,0.0952265,0.0912016,0.107509,0.109213,0.0949193,0.0982259,0.102852
0.111451,0.0857037,0.101811,0.0916016,0.0916118,0.109667,0.111022,0.0965268,0.0983992,0.102207
0.112659,0.0836483,0.102638,0.0919523,0.0929815,0.108076,0.114401,0.0957963,0.0983302,0.0995179
0.112955,0.085034,0.102646,0.0914646,0.0912714,0.110198,0.114153,0.0950247,0.0975716,0.0996818
0.107771,0.0900336,0.103588,0.0948548,0.0932281,0.107694,0.109881,0.0960009,0.0974986,0.0994504
0.110545,0.0870375,0.102881,0.0915829,0.0905404,0.111149,0.110699,0.0945462,0.0984238,0.102594
0.108032,0.0924723,0.105729,0.0941863,0.0929542,0.11004,0.10757,0.0951636,0.0932681,0.100585
0.10727,0.0940967,0.103448,0.0966843,0.0960194,0.10687,0.106451,0.0967819,0.0955197,0.0968578
0.107532,0.0952372,0.103152,0.0970861,0.09452,0.107316,0.105866,0.0957558,0.097593,0.0959421
0.105776,0.0965944,0.102717,0.0971376,0.0964096,0.105989,0.104977,0.0972318,0.0969992,0.0961694
0.111216,0.0919916,0.10092,0.0952918,0.0994803,0.104798,0.108993,0.0970716,0.0994153,0.0908227
0.109483,0.091461,0.0994052,0.0956452,0.0980714,0.104818,0.108446,0.0985829,0.0984505,0.0956365
0.108867,0.0883414,0.0969677,0.0987368,0.0969148,0.103564,0.106613,0.0979004,0.102286,0.0998091
0.104875,0.0925667,0.0971495,0.0983037,0.0978051,0.101975,0.105022,0.100105,0.100894,0.101304
0.106598,0.0928643,0.0970565,0.0972592,0.0998296,0.101994,0.105675,0.0987978,0.10152,0.0984067
0.111924,0.0896469,0.0944671,0.0948696,0.101656,0.102285,0.107488,0.0999686,0.102182,0.0955126
0.116133,0.0870327,0.0954258,0.0931715,0.104716,0.100523,0.112277,0.0992662,0.100742,0.0907125
0.110709,0.0912772,0.0951592,0.0938723,0.0986504,0.104911,0.107942,0.0984054,0.10142,0.0976545
0.105846,0.0959969,0.098575,0.0957317,0.0989323,0.101974,0.105367,0.097632,0.0999498,0.0999948
0.107751,0.0919036,0.097289,0.0969963,0.102363,0.100293,0.107329,0.0994827,0.0996692,0.0969236
0.106453,0.0935692,0.0974712,0.0959407,0.101061,0.100354,0.105757,0.0998836,0.100004,0.0995064
0.109238,0.0919127,0.0978525,0.0963334,0.103924,0.098004,0.106854,0.0999673,0.0993299,0.0965843
0.109536,0.0956928,0.10017,0.0952195,0.104316,0.0970737,0.107387,0.0972093,0.100911,0.092485
0.112113,0.0957761,0.0979384,0.0942139,0.105027,0.0960383,0.110282,0.0988592,0.100668,0.0890834
0.111998,0.0966091,0.0979149,0.0940715,0.105047,0.0956918,0.108799,0.0993592,0.100757,0.0897532
0.108377,0.0968701,0.0966408,0.0957448,0.104483,0.0981298,0.105325,0.100672,0.100321,0.0934357
0.103759,0.0973021,0.0981659,0.0986352,0.100198,0.0999472,0.10347,0.100793,0.100121,0.0976087
0.106248,0.0971856,0.0977543,0.0975428,0.102289,0.0964324,0.104653,0.100438,0.101298,0.0961596
0.11275,0.0941184,0.0969439,0.0953967,0.102704,0.0935748,0.105861,0.0998716,0.10488,0.0938997
0.110478,0.0948569,0.0971828,0.0973779,0.100954,0.0961621,0.103737,0.103869,0.102298,0.0930837
0.112333,0.0973886,0.100039,0.0971999,0.0988802,0.0988376,0.103921,0.0995417,0.101189,0.0906688
0.113074,0.0948232,0.101689,0.0958578,0.0962742,0.103157,0.10667,0.0994781,0.0995312,0.0894458
0.106192,0.0965379,0.100421,0.09752,0.0948342,0.10259,0.103452,0.100838,0.10029,0.0973236
0.105581,0.0975591,0.100972,0.0985383,0.0950264,0.101585,0.101995,0.10033,0.0999433,0.0984686
0.107805,0.0937281,0.101784,0.0958269,0.0911055,0.10755,0.104104,0.097368,0.0994564,0.101272
0.114456,0.0858208,0.0994438,0.0918263,0.0891558,0.110934,0.108763,0.0968695,0.101558,0.101173
0.112397,0.088127,0.0988525,0.0909315,0.0884546,0.111206,0.106071,0.0977188,0.102504,0.103737
0.112116,0.0882886,0.0982589,0.0914955,0.0923522,0.107366,0.108534,0.0990353,0.100661,0.101893
0.107496,0.0894576,0.100193,0.093827,0.0943192,0.108315,0.106834,0.0953532,0.100598,0.103608
0.102674,0.096229,0.100517,0.0965048,0.0977717,0.102877,0.10398,0.0977002,0.0994544,0.102291
0.105278,0.0934047,0.102079,0.0958984,0.0953663,0.105734,0.104941,0.0958931,0.0986337,0.102772
0.105795,0.0917017,0.102032,0.0924443,0.0963599,0.105761,0.110195,0.0943219,0.0982639,0.103126
0.107018,0.091,0.100039,0.092541,0.0948419,0.106071,0.109204,0.0962165,0.098654,0.104414
0.108336,0.0923169,0.0977377,0.0934371,0.0962993,0.104111,0.107725,0.099064,0.100959,0.100014
0.102929,0.0956446,0.101277,0.0967084,0.098198,0.101676,0.105914,0.0976065,0.0997441,0.100303
0.102809,0.0961904,0.100602,0.0978527,0.102617,0.100147,0.105668,0.0958624,0.0986928,0.0995598
0.104774,0.0957472,0.100592,0.0985231,0.10447,0.0988739,0.104837,0.0978144,0.0992332,0.0951356
0.102769,0.0966904,0.102424,0.098708,0.100347,0.102002,0.105737,0.0962305,0.0951239,0.0999673
0.106238,0.0929381,0.103385,0.0963584,0.0985372,0.104754,0.109264,0.0968949,0.0933691,0.098261
0.1048,0.0925245,0.103775,0.0963231,0.0997638,0.104793,0.108996,0.0944518,0.0942439,0.10033
0.109667,0.0895813,0.10542,0.0946527,0.0989094,0.105178,0.111896,0.0914107,0.0967016,0.0965829
0.111435,0.0878782,0.106763,0.0953155,0.0975644,0.104124,0.11334,0.0957048,0.0933698,0.0945042
0.112493,0.0833697,0.104288,0.0955112,0.101785,0.104736,0.11485,0.0946792,0.0962279,0.0920605
0.115189,0.0817199,0.106383,0.0937778,0.0988125,0.108479,0.118025,0.0901736,0.0950817,0.0923586
0.117674,0.0807226,0.107942,0.0920647,0.0990772,0.110115,0.117875,0.0886699,0.093851,0.0920086
0.117974,0.0795765,0.105843,0.0919595,0.100414,0.109491,0.118111,0.0886966,0.095634,0.0923011
0.119222,0.0788572,0.104328,0.0913884,0.100566,0.109982,0.118265,0.0877622,0.0963765,0.0932517
0.119953,0.0804362,0.100046,0.0920021,0.102406,0.1072,0.116376,0.0889529,0.0999321,0.0926951
0.114785,0.0848982,0.101265,0.0920842,0.104439,0.104414,0.114885,0.0874656,0.0997325,0.0960321
0.112691,0.0863247,0.103246,0.093423,0.102006,0.104619,0.113776,0.0870479,0.100531,0.0963348
0.11128,0.0899482,0.100873,0.0931874,0.102161,0.101295,0.114191,0.0931617,0.0986999,0.0952028
0.111501,0.0932957,0.103042,0.0914829,0.100592,0.104993,0.109216,0.0897078,0.0985291,0.0976409
0.112339,0.0877661,0.0994638,0.0930457,0.107107,0.099884,0.114116,0.0933004,0.0984942,0.0944839
0.110224,0.093725,0.101356,0.0933521,0.105342,0.101048,0.113478,0.0898595,0.0961306,0.0954843
0.112126,0.0877264,0.0956059,0.0912819,0.110746,0.0991166,0.117745,0.0945731,0.0960827,0.094997
0.108565,0.0878713,0.0990232,0.092047,0.110307,0.098749,0.117205,0.0912813,0.095891,0.0990601
0.109228,0.090622,0.0956126,0.0948632,0.109903,0.0998541,0.110871,0.0970174,0.0960303,0.0959983
0.109007,0.0871812,0.0956,0.0963104,0.111457,0.0993074,0.111586,0.0968779,0.0963042,0.0963686
0.106991,0.088547,0.0955382,0.0970084,0.110002,0.100284,0.109952,0.0978284,0.0966398,0.0972089
0.104952,0.0906545,0.0951854,0.0976103,0.107846,0.101182,0.107393,0.100054,0.0967808,0.0983426
0.106385,0.0906656,0.0991515,0.0982982,0.106471,0.101113,0.109072,0.0947063,0.0965208,0.0976162
0.107651,0.0853188,0.0981253,0.0966089,0.102456,0.108043,0.107243,0.0961886,0.098354,0.100012
0.106859,0.0888205,0.102778,0.0956437,0.0927154,0.110505,0.105625,0.0961447,0.0979711,0.102937
0.106946,0.089294,0.101633,0.0927653,0.094613,0.108857,0.106792,0.095628,0.0978096,0.105662
0.104125,0.0939317,0.10421,0.0962652,0.0944958,0.104361,0.10645,0.0970155,0.0957811,0.103366
0.10483,0.0922799,0.103362,0.0972405,0.0934262,0.105494,0.105051,0.0982172,0.0963622,0.103737
0.105789,0.0915682,0.104546,0.0948124,0.090595,0.107497,0.107966,0.0966054,0.0947014,0.105919
0.103348,0.0924477,0.104316,0.0964468,0.0921147,0.106945,0.106622,0.0969284,0.0946703,0.106161
0.103779,0.0935508,0.103425,0.0967081,0.0926357,0.105764,0.106331,0.0976455,0.0949613,0.1052
0.102533,0.0952655,0.102644,0.0982397,0.0932953,0.104408,0.104488,0.0987158,0.0961523,0.104258
0.103913,0.0963492,0.101137,0.0971236,0.0965284,0.102316,0.105565,0.0992303,0.0962385,0.101599
0.103386,0.100111,0.0993984,0.100827,0.0978073,0.0975798,0.101908,0.100835,0.0991483,0.0989999
0.105029,0.10007,0.0991625,0.0997959,0.0998525,0.096088,0.100284,0.100611,0.0999466,0.0991616
0.100692,0.0982286,0.103326,0.0976294,0.0976378,0.102032,0.10207,0.0986269,0.0951775,0.10458
0.102278,0.0955516,0.100537,0.0961594,0.0963967,0.101824,0.10364,0.0994777,0.0976886,0.106447
0.103264,0.0934181,0.100153,0.0950464,0.0975041,0.101852,0.102427,0.101189,0.097956,0.107191
0.104119,0.0865835,0.100068,0.0964239,0.097516,0.105782,0.104471,0.101629,0.0966884,0.106719
0.105742,0.0893592,0.0998867,0.0937921,0.096554,0.106734,0.105858,0.0985985,0.0977645,0.105711
0.106954,0.0866015,0.101341,0.0919632,0.0969525,0.109409,0.111296,0.0949129,0.095464,0.105105
0.110995,0.0859801,0.0994957,0.0887063,0.0949894,0.109339,0.111069,0.0951142,0.0991309,0.105181
0.11121,0.0849077,0.0994189,0.0898651,0.094005,0.109681,0.110246,0.096716,0.100053,0.103898
0.109534,0.0880211,0.100651,0.0922147,0.0972109,0.108749,0.107845,0.0935678,0.101148,0.101058
0.110176,0.0875536,0.0996672,0.0928984,0.0952893,0.109379,0.108201,0.0939254,0.102346,0.100564
0.108692,0.0888481,0.0998295,0.092814,0.097934,0.107658,0.108402,0.0941687,0.100501,0.101152
0.107932,0.088465,0.100457,0.0921237,0.102624,0.10613,0.113124,0.0917899,0.096571,0.100784
0.111908,0.0858163,0.0993643,0.0895178,0.101514,0.105369,0.120616,0.0900637,0.0973678,0.0984638
0.109193,0.0872823,0.0992944,0.0911366,0.101422,0.106401,0.115886,0.0912334,0.0984599,0.0996907
0.107394,0.0890196,0.10015,0.0940343,0.100204,0.106917,0.110799,0.0928004,0.0988881,0.0997927
0.107056,0.0900406,0.0998246,0.0977391,0.0988329,0.107824,0.104549,0.0958543,0.101421,0.0968591
0.107588,0.0905824,0.100726,0.0982728,0.0979885,0.107766,0.104992,0.0961268,0.098707,0.0972509
0.106063,0.0922622,0.100873,0.0959508,0.101393,0.106368,0.105163,0.0944293,0.098739,0.0987589
0.107645,0.0886068,0.0995483,0.0980472,0.100704,0.109005,0.103233,0.0953238,0.100709,0.0971786
0.104252,0.0933424,0.103531,0.0981089,0.0978152,0.106614,0.105048,0.0965776,0.0948928,0.0998187
0.110702,0.0876043,0.0985544,0.0983539,0.0985772,0.110886,0.102282,0.0960107,0.101308,0.0957216
0.108636,0.089058,0.100152,0.0993887,0.0997543,0.110317,0.101493,0.0966932,0.0992611,0.0952482
0.111382,0.0856534,0.100731,0.102135,0.101571,0.110485,0.101963,0.0971281,0.0994404,0.0895113
0.10554,0.0899064,0.0994357,0.101804,0.102644,0.106007,0.102359,0.0987999,0.0991812,0.0943232
0.106678,0.0898771,0.0981872,0.100065,0.104195,0.103543,0.101774,0.0996589,0.100632,0.0953906
0.101586,0.0956962,0.100347,0.100793,0.101223,0.103232,0.0999162,0.10018,0.098534,0.0984932
0.103221,0.099,0.100143,0.100004,0.10205,0.0998427,0.100124,0.0991353,0.0986932,0.0977868
0.102679,0.0973494,0.0992987,0.101243,0.100985,0.101165,0.100134,0.101669,0.0975593,0.0979166
0.103848,0.0950594,0.100369,0.10206,0.0995944,0.101063,0.100297,0.102295,0.0993209,0.0960921
0.105897,0.0926018,0.101681,0.103487,0.0963602,0.101877,0.103711,0.100297,0.0995929,0.0944961
0.103844,0.0952249,0.101766,0.102386,0.0976854,0.10143,0.102129,0.101611,0.097553,0.0963715
0.102377,0.0947966,0.101298,0.103404,0.0948171,0.100661,0.105709,0.100989,0.097588,0.0983593
0.102172,0.0975637,0.103998,0.101027,0.0949872,0.0999007,0.104078,0.101084,0.0968539,0.0983339
0.101979,0.0947762,0.101482,0.098384,0.0963074,0.102955,0.102921,0.0999129,0.100613,0.100669
0.103544,0.0945148,0.101227,0.0993816,0.100793,0.100026,0.105923,0.0988914,0.094698,0.101001
0.105978,0.0923095,0.103583,0.0996795,0.0981726,0.0989874,0.107068,0.0982259,0.0955707,0.100426
0.10667,0.092146,0.102693,0.101721,0.0970804,0.0983615,0.105353,0.099156,0.0980486,0.0987707
0.105125,0.0948776,0.10128,0.100001,0.0959609,0.102761,0.102897,0.0996997,0.0995992,0.0977995
0.106354,0.0934199,0.100286,0.0967003,0.0990302,0.103426,0.103912,0.0984499,0.0986207,0.099801
0.104405,0.0944281,0.0984864,0.098027,0.0992922,0.103297,0.101403,0.0995175,0.10095,0.100195
0.105598,0.0947556,0.100374,0.0975919,0.100807,0.102606,0.10472,0.0958856,0.0989957,0.0986667
0.107039,0.0861197,0.098006,0.0934633,0.1004,0.107592,0.11059,0.0953646,0.0996883,0.101738
0.10876,0.0886805,0.0968382,0.0939106,0.0981167,0.105376,0.108345,0.0977032,0.101118,0.101151
0.109943,0.0920967,0.102092,0.0951208,0.0969464,0.106454,0.111032,0.0944534,0.0946868,0.0971747
0.114492,0.0886135,0.102008,0.0923148,0.0940311,0.110255,0.112543,0.0966879,0.0918781,0.0971769
0.117961,0.0858891,0.101549,0.0896109,0.0920775,0.112372,0.113356,0.0951132,0.0949905,0.0970806
0.115375,0.0874516,0.10295,0.0908137,0.092905,0.111924,0.112664,0.0953702,0.0948181,0.0957282
0.109077,0.0921319,0.10532,0.0950327,0.0931355,0.110302,0.108877,0.0945725,0.0952305,0.0963203
0.110964,0.0909334,0.104626,0.094738,0.0923065,0.110604,0.110317,0.0942528,0.0959656,0.0952929
0.108671,0.0946716,0.105372,0.0963938,0.0934427,0.107833,0.106812,0.0938497,0.0971905,0.0957634
0.106725,0.094443,0.106036,0.0964039,0.092044,0.107313,0.108398,0.0943445,0.0967115,0.0975806
0.102997,0.0951044,0.103773,0.0985393,0.0946447,0.102442,0.107138,0.0983058,0.0967924,0.100263
